 0
 0
 0
 0
 0
 0
 0
 0
 0
 1
 2
 2
 3
 3
 4
 5
 5
 5
 6
 8
 9
 9
 10
 10
 11
 11
 11
 12
 12
 12
 14
 15
 16
 16
 17
 17
 17
 18
 22
 24
 26
 26
 28
 28
 29
 30
 34
 36
 40
 42
 43
 43
 45
 47
 48
 51
 54
 57
 60
 66
 66
 66
 68
 69
 70
 72
 73
 73
 73
 74
 76
 77
 78
 80
 83
 90
 93
 94
 95
 95
 96
 96
 98
 98
 101
 102
 113
 114
 116
 116
 117
 120
 124
 126
 128
 129
 130
 139
 139
 141
 142
 142
 144
 151
 152
 154
 155
 156
 156
 162
 163
 164
 165
 165
 168
 169
 169
 172
 173
 173
 174
 175
 179
 181
 181
 181
 186
 186
 188
 189
 190
 193
 193
 196
 198
 202
 203
 204
 204
 206
 209
 212
 214
 216
 216
 217
 219
 220
 226
 227
 228
 229
 229
 229
 231
 234
 238
 239
 243
 247
 247
 248
 249
 250
 254
 254
 260
 260
 260
 262
 263
 263
 263
 264
 265
 266
 266
 266
 267
 272
 280
 281
 286
 289
 291
 299
 301
 302
 304
 304
 309
 310
 318
 318
 318
 322
 322
 323
 324
 325
 331
 332
 332
 333
 335
 335
 335
 335
 335
 337
 339
 341
 342
 345
 345
 346
 346
 349
 362
 369
 373
 375
 376
 376
 383
 386
 386
 388
 388
 401
 402
 407
 409
 419
 423
 423
 426
 427
 442
 446
 449
 455
 460
 466
 466
 467
 469
 470
 470
 473
 473
 479
 484
 485
 489
 490
 496
 500
 501
 507
 508
 509
 513
 513
 516
 520
 520
 523
 523
 524
 532
 533
 538
 541
 543
 550
 554
 554
 556
 556
 574
 576
 580
 581
 582
 584
 590
 590
 596
 600
 601
 604
 605
 617
 618
 626
 628
 639
 639
 644
 649
 656
 658
 663
 675
 675
 680
 681
 681
 685
 691
 692
 694
 695
 696
 707
 717
 719
 722
 723
 725
 725
 739
 739
 748
 748
 751
 762
 766
 804
 805
 811
 814
 815
 815
 815
 823
 842
 847
 851
 856
 856
 859
 860
 884
 885
 906
 915
 915
 917
 920
 922
 940
 944
 945
 949
 956
 959
 965
 973
 981
 987
 988
 990
 991
 993
 995
 998
 1001
 1004
 1025
 1031
 1034
 1038
 1040
 1049
 1050
 1063
 1069
 1087
 1095
 1099
 1104
 1105
 1105
 1115
 1129
 1133
 1133
 1139
 1169
 1192
 1213
 1213
 1215
 1216
 1220
 1226
 1229
 1239
 1240
 1242
 1245
 1253
 1256
 1265
 1283
 1288
 1299
 1299
 1308
 1319
 1332
 1340
 1348
 1371
 1377
 1384
 1396
 1405
 1421
 1423
 1433
 1446
 1452
 1453
 1458
 1459
 1471
 1488
 1494
 1496
 1504
 1507
 1515
 1524
 1546
 1550
 1553
 1556
 1559
 1559
 1566
 1578
 1580
 1589
 1592
 1603
 1604
 1614
 1621
 1634
 1635
 1654
 1694
 1714
 1725
 1730
 1743
 1743
 1744
 1747
 1750
 1761
 1804
 1814
 1848
 1877
 1880
 1906
 1907
 1911
 1922
 1922
 1922
 1964
 1967
 1977
 1986
 1991
 1998
 2000
 2001
 2021
 2083
 2106
 2124
 2126
 2133
 2134
 2145
 2145
 2152
 2207
 2238
 2257
 2293
 2300
 2333
 2344
 2441
 2445
 2477
 2488
 2491
 2495
 2505
 2517
 2522
 2525
 2569
 2604
 2606
 2607
 2636
 2641
 2701
 2702
 2714
 2717
 2717
 2725
 2726
 2731
 2771
 2782
 2795
 2822
 2836
 2848
 2897
 2914
 2919
 2949
 2971
 2972
 2979
 2986
 2994
 3013
 3055
 3073
 3080
 3087
 3094
 3101
 3154
 3155
 3181
 3182
 3229
 3249
 3289
 3338
 3357
 3413
 3432
 3472
 3495
 3495
 3537
 3540
 3604
 3642
 3688
 3698
 3743
 3844
 3891
 3929
 3950
 3954
 4085
 4133
 4144
 4206
 4213
 4288
 4301
 4358
 4374
 4379
 4401
 4410
 4570
 4613
 4627
 4694
 4713
 4772
 4892
 4903
 4914
 4973
 5018
 5019
 5087
 5095
 5107
 5137
 5187
 5200
 5215
 5308
 5328
 5364
 5378
 5445
 5458
 5563
 5678
 5800
 5814
 5852
 5928
 5985
 6007
 6119
 6148
 6162
 6275
 6360
 6422
 6423
 6462
 6473
 6495
 6542
 6546
 6559
 6586
 7117
 7199
 7236
 7261
 7263
 7338
 7369
 7481
 7551
 7555
 7611
 7779
 7882
 7916
 7954
 8005
 8090
 8102
 8143
 8161
 8482
 8541
 8677
 8847
 9031
 9173
 9334
 9383
 9393
 9474
 9510
 9552
 9790
 9913
 10077
 10336
 10441
 10625
 10734
 10877
 10937
 11123
 11165
 11408
 11638
 11680
 12140
 13143
 13191
 13739
 14111
 14493
 14806
 15299
 15343
 15413
 15822
 16173
 16401
 16527
 16705
 17154
 17493
 19410
 19659
 19838
 20604
 20647
 23457
 24093
 24262
 24725
 25739
 27857
 28190
 29613
 33556
 33746
 38171
 40132
 40481
 40487
 45861
 52013
 54318
 61473
