671 212
713 280
702 415
704 420
696 433
698 530
644 571
708 584
598 591
659 622
689 669
703 683
693 714
706 741
626 747
694 788
710 846
712 867
651 870
573 908
711 911
621 929
705 940
610 1000
709 1001
713 1012
660 1022
539 1138
709 1143
630 1155
563 1165
686 1227
653 1242
709 1243
668 1247
609 1261
604 1266
624 1268
657 1271
589 1289
568 1336
709 1348
592 1363
585 1421
617 1424
544 1441
547 1466
290 1484
667 1488
698 1495
596 1511
578 1516
703 1530
586 1531
634 1540
686 1552
562 1567
589 1569
631 1570
362 1604
697 1605
714 1605
590 1622
557 1636
714 1651
360 1662
605 1677
677 1679
316 1688
465 1694
306 1703
711 1704
421 1715
673 1744
707 1750
668 1764
638 1769
559 1776
657 1781
600 1789
470 1793
692 1796
399 1807
435 1811
670 1812
716 1820
669 1821
692 1827
611 1833
685 1834
616 1835
713 1844
614 1859
633 1860
436 1891
554 1898
565 1912
666 1951
702 1955
629 1959
637 1982
520 2017
644 2031
516 2043
641 2045
551 2085
649 2090
689 2100
710 2126
485 2140
656 2159
599 2177
692 2182
571 2195
466 2199
700 2204
635 2242
666 2250
612 2252
492 2254
606 2257
654 2258
714 2263
506 2269
530 2287
564 2303
551 2341
712 2375
611 2378
676 2396
626 2404
701 2409
603 2437
681 2440
649 2505
541 2516
606 2525
633 2530
682 2531
574 2542
396 2545
591 2553
577 2578
668 2598
628 2633
593 2670
608 2694
635 2695
691 2726
419 2737
546 2750
603 2762

685 2769
570 2794
455 2805
555 2811
533 2814
438 2820
588 2830
394 2848
698 2864
570 2875
558 2881
680 2881

494 2923
498 2936
576 2946
593 2966
579 2989
502 2990
415 2991
537 3003
623 3034
528 3049
690 3056
453 3059
369 3066
519 3127

489 3140
691 3141
553 3167
575 3170
618 3186
453 3192

581 3199

430 3217
688 3222
650 3223
684 3229
375 3237
662 3255
698 3266
636 3267

656 3287
462 3320
283 3321
480 3335
566 3338
550 3345
467 3359
669 3363
688 3365
310 3366
445 3371
517 3384
398 3402
534 3409
594 3429
463 3430
602 3433
713 3441
389 3442
645 3448
542 3454
560 3454
602 3456

622 3476
440 3480
648 3481
714 3484
373 3495

680 3547
324 3550
658 3557
567 3581
700 3600
514 3621
665 3625
592 3627
502 3634
325 3650

351 3707
413 3718
467 3730
625 3740
687 3743
652 3759
675 3763
598 3787
702 3831
667 3836
495 3865
482 3871
674 3874
467 3886
692 3893
634 3911
542 3921
560 3921
664 3930
411 3941
298 3957
714 3966
662 3974
611 3989
401 3997
628 4010
493 4030
691 4033
407 4038
566 4039
624 4065
560 4074
385 4080
694 4091
698 4115
665 4116
477 4159
459 4194
287 4207
708 4209
692 4225

688 4240
443 4246

485 4294

583 4303
580 4316
429 4328

680 4343
598 4350
713 4367
630 4390
582 4419
545 4437
337 4453
301 4458
688 4475
673 4488
510 4490

302 4531
595 4547
588 4576
585 4588

577 4602
330 4608
457 4616
513 4641
425 4652
417 4653
561 4654
472 4655
712 4686
514 4690
286 4692

356 4770
299 4776

618 4797
311 4802
631 4809
451 4810
289 4845


430 4910
607 4924
538 4934
405 4935
386 4940
524 4952
458 4957
532 4967
479 4978
290 4997
313 5000
647 5004
348 5009
412 5014
491 5015
570 5016
475 5062
655 5063
365 5067
543 5070
676 5096
563 5103
318 5113
632 5127
364 5128
601 5142
613 5173
682 5175
488 5179
622 5179


665 5228
509 5237
640 5237
280 5259
350 5261
503 5263
371 5265

423 5278
424 5311
715 5312
679 5318
384 5344
531 5350
630 5382
290 5384
581 5387
381 5393
304 5395
467 5397
641 5407
563 5432
437 5436
341 5438
663 5443
691 5469

552 5490
507 5498

329 5550
423 5569
490 5586
469 5591
598 5595
333 5597
418 5600
452 5624
415 5625
388 5635
629 5635
606 5641
499 5649
351 5652
429 5655

295 5669

275 5694
412 5705
491 5716
449 5745
476 5757

420 5783
507 5805
569 5821

715 5834
482 5855
368 5861
456 5865
361 5877

378 5896
599 5903
494 5914

478 5949
416 5975
671 6036

312 6059
700 6060
582 6103
550 6111
435 6132

525 6151

685 6170

563 6209
339 6211
544 6226
533 6250
639 6270
602 6301
416 6310
