0 1255
0 
0 
0 
0 
0 
0 
0 
0 
0 
0 
0 
0 2994
0 
0 
0 
0 
0 
1 885
1 
1 
1 
1 
1 
1 
1 
1 860
1 
1 
1 
1 
1 
1 
1 
1 
1 
1 
1 
1 
1 
1 
1 
1 
1 
1 
1 
1 
1 
1 
1 
1 2300
1 
1 
1 
1 
1 
1 
1 
1 
1 
1 
1 
1 1752
1 
1 
1 
1 
1 1391
1 
1 
1 
1 
1 
1 1263
1 
1 
1 
1 4055
1 
1 1002
1 
1 
1 
1 
1 
1 
1 
1 
1 
1 
1 
1 
1 
1 895
1 
1 
1 
1 
1 
1 1544
1 
1 1219
1 
1 
1 
1 
1 
1 
1 
1 
1 
1 
1 
1 
1 
1 
1 
1 
1 
1 
1 
1 1496
1 1072
1 
1 
1 
1 
1 
1 932
1 
1 
1 
1 1354
1 
1 
1 
1 
1 
1 
1 
1 
1 
1 
1 
1 
1 
1 
2 
2 
2 
2 
2 
2 
2 
2 1113
2 
2 
2 
2 
2 
2 
2 
2 
2 
2 1308
2 
2 
2 
2 
2 
2 
2 
2 
2 
2 
2 
2 
2 
2 
2 
2 1397
2 
2 
2 
2 
2 
2 
2 
2 955
2 
2 
2 1227
2 
2 
2 
2 
2 
2 
2 
2 
2 
2 999
2 
2 
2 
2 
2 
2 
2 
2 
2 
2 
2 
2 
2 
3 
3 
3 
3 
3 2294
3 
3 
3 
3 
3 
3 
3 
3 
3 
3 5746
3 
3 
3 
3 
3 
3 
3 
3 
3 
3 
3 
3 
3 
3 
3 
3 
3 
3 
3 
3 
3 
3 
3 
3 
3 1106
3 
3 
3 
3 
3 
3 
3 
3 1489
3 
3 
4 
4 
4 
4 
4 
4 
4 
4 
4 834
4 1472
4 
4 880
4 1239
4 
4 
4 1294
4 
4 
4 
4 
4 
4 
4 
4 
4 
4 
4 
4 
4 
4 
4 
4 
4 
4 
4 
4 
4 
4 
4 
4 1086
4 
4 
4 
4 
4 2114
4 1018
4 
4 1517
4 
4 
4 
4 
4 899
4 
4 
5 2154
5 
5 
5 
5 
5 1622
5 
5 
5 
5 955
5 836
5 963
5 
5 
5 
5 1228
5 
5 
5 
5 
5 
5 824
5 
5 2020
5 
5 1091
5 
5 
5 
5 
5 
5 
5 
5 
5 
5 
6 1379
6 1537
6 2353
6 
6 
6 
6 
6 1242
6 1298
6 8707
6 
6 
6 
6 2963
6 4363
6 
6 
6 
6 
6 
6 1041
6 1412
6 
6 
6 5555
6 
6 
6 3941
6 
7 
7 1297
7 
7 1877
7 
7 994
7 1941
7 
7 
7 2115
7 1258
7 1344
7 
7 
7 1188
7 
7 854
7 1087
7 
7 
7 
7 5639
7 
7 
7 
7 
8 
8 821
8 
8 
8 
8 
8 
8 
8 1415
8 
8 
8 
8 
8 
8 1419
8 979
8 
8 
8 1029
8 1842
8 
9 
9 
9 
9 2429
9 1675
9 5721
9 1091
9 
9 
9 
9 
9 
9 
9 
9 
9 1184
9 
9 
9 
9 
9 
9 5936
9 1161
9 2807
9 1137
9 906
9 1624
10 
10 1041
10 2704
10 
10 
10 
10 
10 
10 2249
10 1269
10 893
10 
10 
10 1686
11 
11 
11 1727
11 
11 
11 1211
11 
11 
11 2763
11 3018
11 
11 1605
11 2042
11 
11 
11 1058
11 970
11 
12 
12 2078
12 
12 
12 970
12 
12 
12 
12 
12 
12 1652
13 
13 
13 1895
13 1981
13 821
13 3010
13 1685
13 
13 
13 
13 1830
13 2133
13 1627
13 1214
14 1676
14 1317
14 1317
14 2940
14 
14 
14 2071
14 3505
14 
14 5517
14 998
14 979
14 928
15 2439
15 
15 5996
15 
15 966
15 1069
15 
15 
15 4885
15 1029
15 
15 3504
15 
16 2801
16 
16 1989
16 1798
16 
16 1403
16 1514
16 2003
16 6370
16 
16 
17 940
17 2793
17 1447
17 2109
17 
17 2200
17 
17 
17 
17 914
17 1255
17 
17 972
17 
18 954
18 
18 4750
18 
18 905
18 2821
18 1143
18 
18 
18 1203
18 1035
18 1257
18 1542
19 4027
19 2051
19 6713
19 
19 
19 2157
19 5604
19 1364
19 3216
19 
19 2684
20 
20 1095
20 880
20 1316
20 936
20 1163
20 5244
20 
20 
20 1556
20 
20 980
20 
20 
21 2647
21 1196
21 
21 
21 2351
21 
21 5642
21 
21 
21 1119
21 
21 
22 
22 2130
22 981
22 3894
23 2629
23 1979
23 
23 3538
23 1635
23 
23 3698
23 967
24 1770
24 
24 
24 
24 4420
24 3842
24 4282
24 4151
24 3122
24 2909
24 1931
24 1090
25 4903
25 
25 1932
25 1337
25 1400
25 
25 2141
25 1098
25 5098
26 
26 
26 4471
26 1285
26 3193
26 2099
26 
26 1290
26 2362
26 
26 
26 900
27 1207
27 
27 835
28 
28 
28 853
28 
29 3790
29 4991
29 3626
29 1199
30 
30 1479
30 
30 2073
30 1214
30 830
30 2179
30 4738
31 
31 8860
31 3320
31 
31 
32 2579
32 1160
32 1421
32 2918
32 7502
32 4001
32 3734
32 5283
32 
32 
33 1451
33 7980
33 2980
33 
33 1575
34 2323
34 2294
34 4853
34 1013
35 2720
35 5322
35 2814
36 4822
36 1317
36 4993
36 5831
36 5344
36 6106
36 3766
37 3765
37 17947
37 1924
37 7236
37 
38 6751
38 
38 11100
38 916
38 3247
38 4037
39 
39 4416
39 2321
39 2609
39 4538
40 
40 1482
40 1488
40 6313
40 3344
40 2275
41 
41 8172
42 1057
42 
42 6258
43 3436
43 4148
43 13690
43 8908
43 8020
44 
45 8980
45 2051
45 5615
46 1372
46 
47 
47 5177
47 6354
48 13837
48 1177
48 4969
48 21693
48 5263
50 4880
50 11184
50 2513
50 1134
51 6378
51 7762
51 1738
52 5670
52 3571
53 7808
53 3008
53 1218
53 2712
53 6272
54 2457
54 10071
55 2547
56 10327
57 1122
58 14149
59 5065
59 
59 6803
59 4981
60 3571
60 
61 811
62 
62 10809
62 
63 3131
63 9364
64 
64 1811
64 17219
67 5617
70 8257
70 7933
70 1137
71 6930
71 2219
72 810
72 4579
72 5344
73 5708
73 
73 10173
73 5434
74 14088
76 14784
76 22620
76 
77 
77 2037
78 1185
79 2001
80 7632
80 2994
82 2277
83 6209
83 11323
83 11643
83 5303
85 1800
85 7950
86 3881
86 1163
87 6317
89 13002
89 16281
89 1936
90 9858
91 3895
91 12996
92 1696
92 24708
92 4576
92 1027
93 8589
94 8206
96 16429
96 7232
100 5153
100 
101 
102 6824
102 10693
103 10952
111 1796
112 9586
115 5667
117 8054
117 
118 1067
119 6135
119 3480
120 4720
124 
124 4400
125 10679
125 8780
125 2264
131 14316
136 1809
139 7318
140 2447
143 3541
151 3137
160 7966
161 17637
168 27376
173 14420
176 38494
177 40595
179 3385
204 19513
206 23259
223 
231 6781
246 30424
249 21219
265 16252
298 11135
301 23742
318 13877
319 12930
321 5402
337 19268
340 34013
347 27365
362 14468
382 
453 16598
468 16641
537 4351
575 51923
591 19224
1036 5116
