# name: LEMMA
# type: matrix
# rows: 6319
# columns: 2

1 6187267
2 4239632
3 3093444
4 2687863
5 2186369
6 1924315
7 1620850
8 1375636
9 1090186
10 1039323
11 887877
12 884599
13 760399
14 695498
15 681255
16 680739
17 675027
18 559596
19 534162
20 517171
21 465486
22 461945
23 459622
24 434532
25 433441
26 426896
27 384313
28 380257
29 373808
30 372031
31 364164
32 358039
33 343063
34 333518
35 297281
36 272345
37 266116
38 261089
39 260919
40 249540
41 249466
42 239460
43 230737
44 220940
45 218258
46 217268
47 205432
48 201968
49 201819
50 195426
51 191661
52 185534
53 183427
54 179220
55 173414
56 171174
57 168387
58 167324
59 165014
60 163930
61 163469
62 163081
63 160652
64 153881
65 152619
66 151871
67 147618
68 146029
69 144554
70 143801
71 140063
72 138334
73 138151
74 137026
75 135185
76 131417
77 128517
78 128393
79 125442
80 125430
81 124884
82 124451
83 123655
84 122128
85 115523
86 114911
87 113655
88 113024
89 112636
90 111058
91 110090
92 108820
93 108710
94 108524
95 103508
96 103003
97 102621
98 101583
99 100652
100 98899
101 97985
102 95001
103 94293
104 92699
105 91141
106 90473
107 89890
108 89659
109 88862
110 86364
111 85939
112 84446
113 83382
114 79028
115 77612
116 77245
117 75588
118 75494
119 72774
120 72059
121 71008
122 70947
123 70676
124 70164
125 69978
126 69459
127 68362
128 67999
129 67842
130 67219
131 67198
132 66999
133 66894
134 66556
135 65773
136 64447
137 64423
138 64369
139 64118
140 63577
141 63087
142 62993
143 62445
144 62402
145 62350
146 62248
147 62201
148 62185
149 61912
150 61492
151 61446
152 61446
153 61338
154 60879
155 60689
156 60607
157 60592
158 60498
159 60182
160 59829
161 59094
162 58449
163 58152
164 57776
165 57754
166 57056
167 56638
168 56483
169 56208
170 55899
171 55704
172 54966
173 54468
174 54422
175 53396
176 53265
177 52979
178 52703
179 52561
180 52452
181 52227
182 51652
183 51626
184 51537
185 51259
186 50877
187 50548
188 50294
189 50092
190 49187
191 49022
192 48373
193 48177
194 48062
195 47923
196 47512
197 47234
198 47185
199 47141
200 46285
201 46228
202 46221
203 46145
204 45867
205 45487
206 45160
207 45042
208 44920
209 44496
210 44013
211 43894
212 43792
213 43750
214 43740
215 43635
216 43402
217 43139
218 42773
219 42341
220 42241
221 41909
222 41617
223 41497
224 41351
225 41205
226 41169
227 41162
228 41029
229 40858
230 40492
231 40460
232 40381
233 40265
234 40114
235 39850
236 39819
237 39626
238 39315
239 39265
240 39192
241 39000
242 38656
243 38608
244 38204
245 38053
246 37963
247 37892
248 37884
249 37836
250 37744
251 37736
252 37675
253 37640
254 37386
255 37278
256 37231
257 36665
258 36575
259 36360
260 36169
261 35767
262 35758
263 35295
264 35164
265 35058
266 35039
267 34970
268 34885
269 34807
270 34801
271 34775
272 34753
273 34603
274 34496
275 34292
276 34178
277 34064
278 33888
279 33687
280 33660
281 33423
282 33300
283 32998
284 32923
285 32899
286 32798
287 32786
288 32733
289 32675
290 32484
291 32404
292 32309
293 32259
294 32231
295 32075
296 31927
297 31873
298 31713
299 31630
300 31588
301 31284
302 31258
303 31231
304 31143
305 31110
306 31102
307 31082
308 30983
309 30960
310 30930
311 30857
312 30855
313 30775
314 30731
315 30675
316 30624
317 30599
318 30596
319 30595
320 30466
321 30454
322 30366
323 30326
324 30218
325 30179
326 30169
327 30166
328 29976
329 29943
330 29768
331 29722
332 29490
333 29194
334 29147
335 29141
336 29091
337 28981
338 28896
339 28887
340 28836
341 28772
342 28760
343 28711
344 28665
345 28626
346 28600
347 28321
348 28300
349 28271
350 28216
351 28210
352 28150
353 28035
354 27784
355 27697
356 27673
357 27665
358 27644
359 27632
360 27508
361 27485
362 27484
363 27367
364 27303
365 27221
366 27195
367 27184
368 27178
369 27166
370 26953
371 26894
372 26889
373 26856
374 26748
375 26625
376 26616
377 26556
378 26553
379 26304
380 26289
381 26244
382 26191
383 26034
384 26018
385 25990
386 25987
387 25966
388 25788
389 25781
390 25775
391 25635
392 25614
393 25608
394 25582
395 25444
396 25440
397 25371
398 25366
399 25340
400 25272
401 25066
402 25041
403 25024
404 24816
405 24527
406 24380
407 24370
408 24310
409 24252
410 24233
411 24205
412 24148
413 24144
414 24111
415 24095
416 24002
417 23976
418 23931
419 23799
420 23785
421 23742
422 23712
423 23694
424 23673
425 23629
426 23629
427 23533
428 23497
429 23484
430 23474
431 23409
432 23394
433 23340
434 23259
435 23218
436 23216
437 23188
438 23106
439 23106
440 23105
441 23103
442 23092
443 23082
444 23008
445 22992
446 22982
447 22959
448 22926
449 22899
450 22864
451 22781
452 22751
453 22712
454 22703
455 22657
456 22601
457 22363
458 22297
459 22237
460 22232
461 22180
462 22117
463 22101
464 22087
465 22040
466 22033
467 22010
468 22002
469 21939
470 21884
471 21845
472 21778
473 21763
474 21763
475 21727
476 21712
477 21596
478 21585
479 21575
480 21504
481 21488
482 21470
483 21454
484 21339
485 21260
486 21205
487 21181
488 21044
489 21016
490 20950
491 20946
492 20919
493 20904
494 20902
495 20839
496 20770
497 20726
498 20694
499 20678
500 20660
501 20633
502 20609
503 20586
504 20544
505 20517
506 20488
507 20373
508 20170
509 20168
510 20138
511 20113
512 20091
513 20089
514 20064
515 20060
516 20001
517 19928
518 19869
519 19865
520 19856
521 19833
522 19808
523 19744
524 19639
525 19636
526 19628
527 19565
528 19558
529 19542
530 19542
531 19539
532 19512
533 19459
534 19344
535 19340
536 19260
537 19218
538 19207
539 19160
540 19152
541 19151
542 19138
543 19057
544 19046
545 19039
546 19015
547 18982
548 18916
549 18913
550 18900
551 18866
552 18858
553 18853
554 18828
555 18757
556 18742
557 18717
558 18681
559 18675
560 18647
561 18579
562 18540
563 18511
564 18433
565 18432
566 18418
567 18415
568 18313
569 18247
570 18223
571 18201
572 18188
573 18107
574 18058
575 18044
576 17958
577 17947
578 17947
579 17902
580 17880
581 17878
582 17836
583 17809
584 17756
585 17732
586 17694
587 17662
588 17635
589 17622
590 17584
591 17553
592 17461
593 17415
594 17331
595 17226
596 17224
597 17197
598 17194
599 17193
600 17065
601 17022
602 16976
603 16973
604 16898
605 16860
606 16804
607 16776
608 16731
609 16647
610 16646
611 16628
612 16622
613 16579
614 16555
615 16509
616 16503
617 16487
618 16477
619 16402
620 16392
621 16331
622 16288
623 16281
624 16270
625 16247
626 16234
627 16233
628 16176
629 16138
630 16077
631 16040
632 16038
633 16008
634 16002
635 15911
636 15903
637 15872
638 15840
639 15837
640 15812
641 15767
642 15748
643 15747
644 15742
645 15722
646 15722
647 15688
648 15672
649 15644
650 15635
651 15627
652 15626
653 15620
654 15620
655 15602
656 15599
657 15552
658 15538
659 15502
660 15496
661 15491
662 15446
663 15442
664 15439
665 15416
666 15398
667 15370
668 15349
669 15292
670 15251
671 15250
672 15242
673 15227
674 15159
675 15156
676 15140
677 15106
678 15106
679 15044
680 15034
681 15024
682 15020
683 14961
684 14960
685 14959
686 14956
687 14934
688 14894
689 14873
690 14861
691 14812
692 14758
693 14739
694 14711
695 14692
696 14664
697 14650
698 14638
699 14635
700 14627
701 14627
702 14622
703 14622
704 14620
705 14609
706 14592
707 14565
708 14546
709 14527
710 14487
711 14482
712 14440
713 14437
714 14434
715 14420
716 14416
717 14403
718 14402
719 14379
720 14348
721 14330
722 14304
723 14274
724 14248
725 14244
726 14214
727 14212
728 14196
729 14178
730 14174
731 14155
732 14149
733 14141
734 14119
735 14093
736 14032
737 14025
738 13990
739 13989
740 13968
741 13921
742 13877
743 13852
744 13691
745 13684
746 13682
747 13673
748 13669
749 13668
750 13625
751 13592
752 13531
753 13518
754 13509
755 13503
756 13475
757 13471
758 13466
759 13452
760 13386
761 13337
762 13337
763 13308
764 13274
765 13249
766 13240
767 13237
768 13236
769 13223
770 13183
771 13177
772 13156
773 13153
774 13106
775 13105
776 13103
777 13083
778 13014
779 12996
780 12952
781 12942
782 12938
783 12926
784 12903
785 12902
786 12889
787 12883
788 12876
789 12867
790 12862
791 12857
792 12854
793 12853
794 12852
795 12844
796 12819
797 12801
798 12790
799 12760
800 12746
801 12745
802 12713
803 12697
804 12671
805 12644
806 12634
807 12628
808 12623
809 12606
810 12596
811 12591
812 12584
813 12583
814 12582
815 12582
816 12549
817 12523
818 12511
819 12466
820 12451
821 12444
822 12442
823 12406
824 12382
825 12381
826 12379
827 12369
828 12353
829 12328
830 12296
831 12294
832 12286
833 12263
834 12249
835 12242
836 12232
837 12232
838 12213
839 12188
840 12167
841 12166
842 12161
843 12125
844 12080
845 12079
846 12078
847 12073
848 12067
849 12031
850 12003
851 11997
852 11977
853 11931
854 11929
855 11907
856 11881
857 11877
858 11858
859 11850
860 11827
861 11810
862 11810
863 11795
864 11757
865 11753
866 11750
867 11735
868 11734
869 11720
870 11683
871 11643
872 11628
873 11606
874 11599
875 11591
876 11563
877 11551
878 11537
879 11522
880 11515
881 11513
882 11505
883 11503
884 11484
885 11477
886 11453
887 11430
888 11423
889 11412
890 11394
891 11385
892 11368
893 11367
894 11356
895 11343
896 11341
897 11315
898 11306
899 11292
900 11292
901 11276
902 11247
903 11243
904 11228
905 11152
906 11119
907 11119
908 11110
909 11100
910 11098
911 11045
912 11044
913 11024
914 11022
915 11014
916 11011
917 11010
918 11009
919 10998
920 10963
921 10950
922 10948
923 10937
924 10905
925 10905
926 10876
927 10873
928 10860
929 10843
930 10809
931 10808
932 10808
933 10803
934 10798
935 10764
936 10764
937 10760
938 10758
939 10746
940 10736
941 10729
942 10719
943 10712
944 10708
945 10705
946 10691
947 10678
948 10664
949 10664
950 10655
951 10635
952 10627
953 10600
954 10561
955 10548
956 10540
957 10537
958 10527
959 10522
960 10511
961 10503
962 10483
963 10482
964 10481
965 10472
966 10468
967 10462
968 10451
969 10441
970 10439
971 10437
972 10399
973 10398
974 10366
975 10361
976 10356
977 10320
978 10315
979 10312
980 10286
981 10285
982 10264
983 10248
984 10221
985 10196
986 10176
987 10167
988 10146
989 10140
990 10138
991 10129
992 10125
993 10125
994 10119
995 10110
996 10101
997 10099
998 10098
999 10076
1000 10071
1001 10071
1002 10067
1003 10066
1004 10040
1005 10023
1006 10020
1007 10014
1008 10010
1009 10006
1010 9993
1011 9969
1012 9963
1013 9951
1014 9930
1015 9928
1016 9912
1017 9901
1018 9881
1019 9878
1020 9877
1021 9877
1022 9873
1023 9858
1024 9826
1025 9819
1026 9811
1027 9790
1028 9776
1029 9745
1030 9739
1031 9731
1032 9726
1033 9718
1034 9718
1035 9713
1036 9711
1037 9710
1038 9697
1039 9687
1040 9676
1041 9663
1042 9660
1043 9656
1044 9653
1045 9652
1046 9639
1047 9638
1048 9632
1049 9624
1050 9614
1051 9603
1052 9592
1053 9590
1054 9579
1055 9569
1056 9569
1057 9566
1058 9558
1059 9555
1060 9555
1061 9544
1062 9503
1063 9456
1064 9445
1065 9441
1066 9436
1067 9433
1068 9432
1069 9429
1070 9410
1071 9399
1072 9348
1073 9348
1074 9338
1075 9331
1076 9316
1077 9314
1078 9311
1079 9300
1080 9286
1081 9272
1082 9270
1083 9268
1084 9266
1085 9243
1086 9234
1087 9227
1088 9225
1089 9214
1090 9213
1091 9211
1092 9203
1093 9189
1094 9188
1095 9183
1096 9182
1097 9178
1098 9170
1099 9162
1100 9152
1101 9138
1102 9134
1103 9132
1104 9130
1105 9126
1106 9120
1107 9100
1108 9093
1109 9089
1110 9088
1111 9066
1112 9064
1113 9054
1114 9025
1115 9021
1116 9013
1117 9003
1118 9000
1119 8998
1120 8972
1121 8968
1122 8950
1123 8949
1124 8946
1125 8945
1126 8938
1127 8934
1128 8934
1129 8926
1130 8911
1131 8901
1132 8900
1133 8895
1134 8885
1135 8882
1136 8873
1137 8866
1138 8860
1139 8860
1140 8853
1141 8849
1142 8847
1143 8841
1144 8821
1145 8809
1146 8802
1147 8801
1148 8801
1149 8800
1150 8798
1151 8793
1152 8784
1153 8769
1154 8756
1155 8752
1156 8743
1157 8729
1158 8728
1159 8718
1160 8698
1161 8688
1162 8670
1163 8668
1164 8668
1165 8668
1166 8660
1167 8648
1168 8645
1169 8637
1170 8636
1171 8631
1172 8624
1173 8618
1174 8610
1175 8609
1176 8605
1177 8605
1178 8602
1179 8601
1180 8592
1181 8592
1182 8587
1183 8573
1184 8567
1185 8552
1186 8549
1187 8544
1188 8530
1189 8512
1190 8512
1191 8510
1192 8508
1193 8489
1194 8472
1195 8472
1196 8456
1197 8444
1198 8440
1199 8433
1200 8428
1201 8422
1202 8408
1203 8397
1204 8397
1205 8384
1206 8375
1207 8374
1208 8371
1209 8369
1210 8326
1211 8315
1212 8309
1213 8302
1214 8300
1215 8296
1216 8283
1217 8265
1218 8250
1219 8228
1220 8220
1221 8170
1222 8170
1223 8169
1224 8143
1225 8133
1226 8133
1227 8132
1228 8130
1229 8124
1230 8123
1231 8106
1232 8105
1233 8100
1234 8097
1235 8081
1236 8054
1237 8049
1238 8034
1239 8025
1240 8018
1241 7992
1242 7977
1243 7950
1244 7945
1245 7939
1246 7921
1247 7914
1248 7912
1249 7903
1250 7901
1251 7895
1252 7885
1253 7877
1254 7868
1255 7859
1256 7851
1257 7844
1258 7842
1259 7822
1260 7822
1261 7821
1262 7808
1263 7806
1264 7806
1265 7785
1266 7776
1267 7762
1268 7753
1269 7749
1270 7708
1271 7706
1272 7696
1273 7693
1274 7692
1275 7686
1276 7679
1277 7678
1278 7668
1279 7649
1280 7641
1281 7638
1282 7637
1283 7634
1284 7630
1285 7620
1286 7618
1287 7616
1288 7613
1289 7605
1290 7602
1291 7596
1292 7596
1293 7592
1294 7574
1295 7570
1296 7565
1297 7557
1298 7525
1299 7520
1300 7517
1301 7512
1302 7509
1303 7498
1304 7495
1305 7493
1306 7460
1307 7456
1308 7445
1309 7438
1310 7432
1311 7426
1312 7421
1313 7412
1314 7411
1315 7398
1316 7396
1317 7373
1318 7368
1319 7364
1320 7355
1321 7350
1322 7341
1323 7341
1324 7340
1325 7339
1326 7332
1327 7327
1328 7316
1329 7309
1330 7308
1331 7308
1332 7290
1333 7289
1334 7288
1335 7280
1336 7258
1337 7236
1338 7231
1339 7229
1340 7224
1341 7213
1342 7211
1343 7210
1344 7209
1345 7206
1346 7197
1347 7189
1348 7187
1349 7180
1350 7180
1351 7175
1352 7172
1353 7172
1354 7166
1355 7157
1356 7152
1357 7150
1358 7135
1359 7122
1360 7116
1361 7101
1362 7099
1363 7088
1364 7088
1365 7088
1366 7086
1367 7084
1368 7080
1369 7079
1370 7078
1371 7065
1372 7063
1373 7050
1374 7050
1375 7047
1376 7043
1377 7036
1378 7026
1379 7021
1380 6995
1381 6992
1382 6987
1383 6974
1384 6974
1385 6974
1386 6970
1387 6958
1388 6956
1389 6955
1390 6954
1391 6938
1392 6937
1393 6936
1394 6930
1395 6925
1396 6924
1397 6924
1398 6923
1399 6922
1400 6920
1401 6917
1402 6910
1403 6900
1404 6900
1405 6895
1406 6892
1407 6883
1408 6873
1409 6865
1410 6856
1411 6855
1412 6854
1413 6852
1414 6849
1415 6846
1416 6838
1417 6835
1418 6832
1419 6832
1420 6820
1421 6817
1422 6816
1423 6814
1424 6811
1425 6803
1426 6783
1427 6767
1428 6761
1429 6756
1430 6750
1431 6741
1432 6723
1433 6721
1434 6721
1435 6717
1436 6717
1437 6715
1438 6702
1439 6701
1440 6686
1441 6683
1442 6683
1443 6678
1444 6678
1445 6677
1446 6677
1447 6667
1448 6663
1449 6654
1450 6651
1451 6648
1452 6646
1453 6639
1454 6634
1455 6634
1456 6631
1457 6627
1458 6625
1459 6618
1460 6616
1461 6614
1462 6606
1463 6588
1464 6586
1465 6583
1466 6566
1467 6564
1468 6553
1469 6545
1470 6543
1471 6538
1472 6517
1473 6516
1474 6515
1475 6510
1476 6509
1477 6508
1478 6504
1479 6501
1480 6500
1481 6485
1482 6479
1483 6477
1484 6476
1485 6472
1486 6460
1487 6456
1488 6447
1489 6445
1490 6440
1491 6437
1492 6436
1493 6435
1494 6426
1495 6426
1496 6421
1497 6420
1498 6410
1499 6409
1500 6407
1501 6405
1502 6402
1503 6390
1504 6390
1505 6387
1506 6371
1507 6368
1508 6366
1509 6363
1510 6360
1511 6359
1512 6354
1513 6352
1514 6352
1515 6345
1516 6328
1517 6313
1518 6309
1519 6298
1520 6297
1521 6289
1522 6285
1523 6284
1524 6277
1525 6272
1526 6265
1527 6262
1528 6262
1529 6261
1530 6259
1531 6259
1532 6258
1533 6254
1534 6248
1535 6236
1536 6236
1537 6235
1538 6232
1539 6230
1540 6229
1541 6222
1542 6222
1543 6220
1544 6220
1545 6209
1546 6208
1547 6202
1548 6200
1549 6197
1550 6196
1551 6194
1552 6190
1553 6186
1554 6166
1555 6165
1556 6155
1557 6153
1558 6143
1559 6139
1560 6139
1561 6132
1562 6130
1563 6129
1564 6124
1565 6117
1566 6112
1567 6107
1568 6106
1569 6093
1570 6088
1571 6085
1572 6084
1573 6077
1574 6077
1575 6077
1576 6073
1577 6064
1578 6058
1579 6057
1580 6050
1581 6048
1582 6044
1583 6043
1584 6030
1585 6030
1586 6021
1587 6015
1588 6012
1589 6004
1590 5998
1591 5987
1592 5984
1593 5983
1594 5979
1595 5968
1596 5967
1597 5961
1598 5958
1599 5954
1600 5954
1601 5951
1602 5949
1603 5945
1604 5942
1605 5936
1606 5932
1607 5922
1608 5920
1609 5917
1610 5911
1611 5908
1612 5902
1613 5897
1614 5890
1615 5889
1616 5888
1617 5887
1618 5886
1619 5882
1620 5882
1621 5880
1622 5879
1623 5873
1624 5872
1625 5872
1626 5865
1627 5860
1628 5853
1629 5849
1630 5847
1631 5846
1632 5844
1633 5843
1634 5843
1635 5839
1636 5833
1637 5831
1638 5825
1639 5823
1640 5821
1641 5813
1642 5807
1643 5803
1644 5800
1645 5800
1646 5799
1647 5799
1648 5794
1649 5785
1650 5782
1651 5782
1652 5763
1653 5759
1654 5753
1655 5751
1656 5748
1657 5747
1658 5746
1659 5744
1660 5738
1661 5730
1662 5724
1663 5721
1664 5716
1665 5710
1666 5707
1667 5706
1668 5706
1669 5705
1670 5699
1671 5686
1672 5686
1673 5684
1674 5683
1675 5680
1676 5677
1677 5672
1678 5670
1679 5667
1680 5667
1681 5665
1682 5662
1683 5652
1684 5644
1685 5644
1686 5642
1687 5641
1688 5640
1689 5639
1690 5633
1691 5626
1692 5621
1693 5612
1694 5610
1695 5604
1696 5596
1697 5594
1698 5586
1699 5580
1700 5577
1701 5575
1702 5574
1703 5560
1704 5555
1705 5554
1706 5549
1707 5544
1708 5544
1709 5540
1710 5540
1711 5527
1712 5527
1713 5527
1714 5521
1715 5517
1716 5517
1717 5517
1718 5515
1719 5513
1720 5512
1721 5512
1722 5511
1723 5508
1724 5501
1725 5499
1726 5494
1727 5492
1728 5482
1729 5476
1730 5469
1731 5467
1732 5466
1733 5465
1734 5463
1735 5459
1736 5457
1737 5455
1738 5455
1739 5453
1740 5451
1741 5441
1742 5441
1743 5434
1744 5428
1745 5423
1746 5421
1747 5414
1748 5406
1749 5404
1750 5403
1751 5402
1752 5400
1753 5398
1754 5397
1755 5391
1756 5383
1757 5377
1758 5377
1759 5376
1760 5370
1761 5367
1762 5366
1763 5363
1764 5363
1765 5360
1766 5353
1767 5351
1768 5347
1769 5346
1770 5344
1771 5343
1772 5342
1773 5329
1774 5328
1775 5327
1776 5325
1777 5322
1778 5322
1779 5320
1780 5312
1781 5306
1782 5306
1783 5298
1784 5287
1785 5282
1786 5279
1787 5271
1788 5269
1789 5267
1790 5263
1791 5261
1792 5260
1793 5245
1794 5244
1795 5242
1796 5229
1797 5228
1798 5227
1799 5224
1800 5224
1801 5221
1802 5219
1803 5218
1804 5212
1805 5202
1806 5197
1807 5186
1808 5177
1809 5172
1810 5169
1811 5166
1812 5156
1813 5153
1814 5152
1815 5142
1816 5139
1817 5138
1818 5134
1819 5127
1820 5118
1821 5116
1822 5111
1823 5110
1824 5104
1825 5103
1826 5100
1827 5098
1828 5098
1829 5091
1830 5085
1831 5081
1832 5079
1833 5077
1834 5072
1835 5068
1836 5065
1837 5065
1838 5055
1839 5055
1840 5055
1841 5052
1842 5050
1843 5049
1844 5048
1845 5048
1846 5045
1847 5041
1848 5036
1849 5035
1850 5030
1851 5029
1852 5028
1853 5028
1854 5027
1855 5014
1856 5013
1857 5010
1858 5010
1859 4986
1860 4981
1861 4977
1862 4974
1863 4973
1864 4970
1865 4968
1866 4967
1867 4967
1868 4967
1869 4967
1870 4957
1871 4953
1872 4952
1873 4951
1874 4947
1875 4946
1876 4943
1877 4932
1878 4924
1879 4923
1880 4921
1881 4919
1882 4917
1883 4917
1884 4914
1885 4913
1886 4904
1887 4904
1888 4903
1889 4902
1890 4897
1891 4890
1892 4885
1893 4884
1894 4879
1895 4872
1896 4871
1897 4870
1898 4857
1899 4853
1900 4853
1901 4848
1902 4847
1903 4844
1904 4841
1905 4840
1906 4839
1907 4832
1908 4832
1909 4832
1910 4829
1911 4829
1912 4829
1913 4822
1914 4822
1915 4821
1916 4815
1917 4813
1918 4809
1919 4808
1920 4807
1921 4801
1922 4798
1923 4798
1924 4787
1925 4778
1926 4777
1927 4772
1928 4770
1929 4769
1930 4764
1931 4762
1932 4756
1933 4753
1934 4752
1935 4746
1936 4744
1937 4738
1938 4737
1939 4727
1940 4726
1941 4724
1942 4708
1943 4706
1944 4704
1945 4703
1946 4698
1947 4692
1948 4692
1949 4692
1950 4690
1951 4676
1952 4673
1953 4672
1954 4669
1955 4665
1956 4659
1957 4657
1958 4654
1959 4647
1960 4647
1961 4638
1962 4637
1963 4636
1964 4629
1965 4624
1966 4621
1967 4614
1968 4612
1969 4612
1970 4602
1971 4601
1972 4600
1973 4600
1974 4594
1975 4591
1976 4591
1977 4590
1978 4586
1979 4586
1980 4586
1981 4584
1982 4583
1983 4579
1984 4574
1985 4570
1986 4558
1987 4556
1988 4553
1989 4552
1990 4547
1991 4544
1992 4539
1993 4538
1994 4532
1995 4530
1996 4528
1997 4518
1998 4515
1999 4511
2000 4510
2001 4508
2002 4505
2003 4505
2004 4504
2005 4503
2006 4502
2007 4502
2008 4502
2009 4493
2010 4492
2011 4492
2012 4487
2013 4483
2014 4482
2015 4481
2016 4481
2017 4478
2018 4471
2019 4471
2020 4465
2021 4460
2022 4459
2023 4459
2024 4456
2025 4455
2026 4450
2027 4445
2028 4439
2029 4438
2030 4436
2031 4435
2032 4432
2033 4417
2034 4417
2035 4416
2036 4416
2037 4415
2038 4409
2039 4408
2040 4402
2041 4401
2042 4399
2043 4398
2044 4398
2045 4398
2046 4396
2047 4391
2048 4391
2049 4382
2050 4382
2051 4380
2052 4379
2053 4377
2054 4376
2055 4375
2056 4374
2057 4373
2058 4367
2059 4360
2060 4357
2061 4352
2062 4351
2063 4350
2064 4344
2065 4342
2066 4342
2067 4341
2068 4337
2069 4333
2070 4332
2071 4329
2072 4329
2073 4327
2074 4324
2075 4323
2076 4318
2077 4317
2078 4314
2079 4314
2080 4314
2081 4313
2082 4312
2083 4311
2084 4307
2085 4305
2086 4303
2087 4302
2088 4300
2089 4295
2090 4290
2091 4289
2092 4285
2093 4283
2094 4282
2095 4282
2096 4277
2097 4272
2098 4272
2099 4271
2100 4263
2101 4262
2102 4258
2103 4254
2104 4252
2105 4250
2106 4250
2107 4249
2108 4248
2109 4246
2110 4241
2111 4239
2112 4238
2113 4234
2114 4233
2115 4224
2116 4213
2117 4212
2118 4212
2119 4211
2120 4209
2121 4201
2122 4196
2123 4195
2124 4190
2125 4187
2126 4180
2127 4179
2128 4177
2129 4177
2130 4174
2131 4172
2132 4172
2133 4163
2134 4163
2135 4161
2136 4155
2137 4153
2138 4151
2139 4151
2140 4150
2141 4150
2142 4149
2143 4148
2144 4146
2145 4143
2146 4140
2147 4139
2148 4135
2149 4135
2150 4135
2151 4134
2152 4131
2153 4125
2154 4125
2155 4121
2156 4120
2157 4118
2158 4118
2159 4117
2160 4117
2161 4112
2162 4111
2163 4110
2164 4108
2165 4106
2166 4106
2167 4105
2168 4104
2169 4103
2170 4103
2171 4103
2172 4101
2173 4094
2174 4083
2175 4081
2176 4080
2177 4079
2178 4078
2179 4075
2180 4073
2181 4070
2182 4065
2183 4061
2184 4059
2185 4059
2186 4052
2187 4050
2188 4048
2189 4047
2190 4047
2191 4042
2192 4041
2193 4038
2194 4038
2195 4038
2196 4037
2197 4033
2198 4030
2199 4027
2200 4027
2201 4022
2202 4021
2203 4018
2204 4018
2205 4015
2206 4012
2207 4011
2208 4006
2209 4004
2210 4001
2211 3997
2212 3997
2213 3996
2214 3990
2215 3986
2216 3984
2217 3984
2218 3983
2219 3981
2220 3980
2221 3979
2222 3973
2223 3972
2224 3972
2225 3967
2226 3963
2227 3962
2228 3957
2229 3957
2230 3957
2231 3954
2232 3951
2233 3950
2234 3950
2235 3947
2236 3941
2237 3939
2238 3933
2239 3933
2240 3930
2241 3928
2242 3924
2243 3924
2244 3923
2245 3923
2246 3922
2247 3920
2248 3920
2249 3917
2250 3917
2251 3916
2252 3913
2253 3913
2254 3901
2255 3894
2256 3886
2257 3882
2258 3882
2259 3881
2260 3880
2261 3871
2262 3868
2263 3863
2264 3859
2265 3858
2266 3856
2267 3854
2268 3852
2269 3845
2270 3842
2271 3841
2272 3837
2273 3835
2274 3833
2275 3833
2276 3828
2277 3824
2278 3815
2279 3809
2280 3799
2281 3798
2282 3798
2283 3796
2284 3795
2285 3795
2286 3795
2287 3792
2288 3790
2289 3790
2290 3789
2291 3786
2292 3782
2293 3781
2294 3780
2295 3779
2296 3775
2297 3774
2298 3774
2299 3773
2300 3772
2301 3771
2302 3771
2303 3768
2304 3766
2305 3764
2306 3762
2307 3762
2308 3760
2309 3758
2310 3758
2311 3758
2312 3755
2313 3753
2314 3748
2315 3748
2316 3745
2317 3744
2318 3741
2319 3739
2320 3739
2321 3738
2322 3735
2323 3733
2324 3732
2325 3729
2326 3727
2327 3727
2328 3716
2329 3712
2330 3708
2331 3707
2332 3706
2333 3703
2334 3700
2335 3698
2336 3696
2337 3696
2338 3691
2339 3690
2340 3689
2341 3680
2342 3677
2343 3672
2344 3671
2345 3665
2346 3654
2347 3654
2348 3652
2349 3651
2350 3648
2351 3647
2352 3644
2353 3642
2354 3637
2355 3636
2356 3635
2357 3633
2358 3633
2359 3632
2360 3631
2361 3631
2362 3630
2363 3629
2364 3621
2365 3621
2366 3620
2367 3619
2368 3614
2369 3613
2370 3613
2371 3613
2372 3612
2373 3612
2374 3608
2375 3607
2376 3606
2377 3603
2378 3601
2379 3599
2380 3598
2381 3598
2382 3598
2383 3594
2384 3592
2385 3592
2386 3592
2387 3590
2388 3590
2389 3588
2390 3585
2391 3583
2392 3582
2393 3579
2394 3579
2395 3579
2396 3578
2397 3571
2398 3564
2399 3563
2400 3560
2401 3556
2402 3556
2403 3556
2404 3551
2405 3550
2406 3549
2407 3548
2408 3547
2409 3542
2410 3541
2411 3540
2412 3540
2413 3540
2414 3539
2415 3538
2416 3536
2417 3535
2418 3533
2419 3533
2420 3530
2421 3525
2422 3518
2423 3516
2424 3516
2425 3514
2426 3512
2427 3511
2428 3503
2429 3502
2430 3500
2431 3498
2432 3498
2433 3494
2434 3489
2435 3489
2436 3488
2437 3486
2438 3486
2439 3484
2440 3481
2441 3480
2442 3474
2443 3474
2444 3471
2445 3470
2446 3467
2447 3464
2448 3463
2449 3461
2450 3460
2451 3459
2452 3457
2453 3457
2454 3453
2455 3450
2456 3448
2457 3439
2458 3434
2459 3430
2460 3429
2461 3428
2462 3426
2463 3423
2464 3422
2465 3422
2466 3419
2467 3419
2468 3418
2469 3418
2470 3415
2471 3414
2472 3411
2473 3407
2474 3407
2475 3405
2476 3402
2477 3401
2478 3401
2479 3400
2480 3399
2481 3396
2482 3394
2483 3390
2484 3385
2485 3385
2486 3384
2487 3383
2488 3375
2489 3374
2490 3373
2491 3372
2492 3372
2493 3371
2494 3368
2495 3366
2496 3361
2497 3356
2498 3354
2499 3353
2500 3352
2501 3350
2502 3350
2503 3346
2504 3345
2505 3344
2506 3343
2507 3339
2508 3339
2509 3335
2510 3334
2511 3331
2512 3330
2513 3325
2514 3323
2515 3323
2516 3321
2517 3320
2518 3320
2519 3318
2520 3317
2521 3316
2522 3309
2523 3309
2524 3306
2525 3306
2526 3305
2527 3301
2528 3295
2529 3294
2530 3291
2531 3280
2532 3279
2533 3279
2534 3276
2535 3276
2536 3276
2537 3263
2538 3261
2539 3260
2540 3256
2541 3255
2542 3253
2543 3247
2544 3247
2545 3245
2546 3245
2547 3244
2548 3242
2549 3236
2550 3233
2551 3231
2552 3230
2553 3228
2554 3228
2555 3227
2556 3223
2557 3223
2558 3218
2559 3216
2560 3216
2561 3215
2562 3215
2563 3215
2564 3213
2565 3212
2566 3210
2567 3210
2568 3209
2569 3206
2570 3204
2571 3204
2572 3202
2573 3201
2574 3200
2575 3200
2576 3198
2577 3198
2578 3191
2579 3191
2580 3191
2581 3184
2582 3183
2583 3183
2584 3180
2585 3179
2586 3174
2587 3170
2588 3170
2589 3169
2590 3167
2591 3166
2592 3165
2593 3162
2594 3160
2595 3159
2596 3159
2597 3158
2598 3158
2599 3157
2600 3155
2601 3155
2602 3155
2603 3154
2604 3153
2605 3145
2606 3145
2607 3144
2608 3137
2609 3132
2610 3132
2611 3132
2612 3132
2613 3131
2614 3129
2615 3129
2616 3129
2617 3127
2618 3124
2619 3122
2620 3120
2621 3119
2622 3118
2623 3117
2624 3116
2625 3116
2626 3115
2627 3112
2628 3111
2629 3111
2630 3109
2631 3108
2632 3107
2633 3107
2634 3104
2635 3104
2636 3102
2637 3102
2638 3101
2639 3099
2640 3096
2641 3096
2642 3093
2643 3091
2644 3090
2645 3088
2646 3086
2647 3085
2648 3084
2649 3083
2650 3082
2651 3081
2652 3079
2653 3079
2654 3076
2655 3076
2656 3074
2657 3070
2658 3069
2659 3069
2660 3067
2661 3066
2662 3066
2663 3061
2664 3061
2665 3060
2666 3059
2667 3057
2668 3056
2669 3055
2670 3054
2671 3052
2672 3049
2673 3046
2674 3044
2675 3044
2676 3043
2677 3040
2678 3039
2679 3038
2680 3037
2681 3036
2682 3036
2683 3032
2684 3025
2685 3025
2686 3019
2687 3018
2688 3018
2689 3015
2690 3015
2691 3011
2692 3010
2693 3010
2694 3010
2695 3008
2696 3006
2697 3005
2698 3003
2699 3002
2700 3001
2701 2998
2702 2998
2703 2997
2704 2996
2705 2994
2706 2993
2707 2993
2708 2993
2709 2989
2710 2988
2711 2987
2712 2987
2713 2987
2714 2985
2715 2984
2716 2983
2717 2981
2718 2980
2719 2980
2720 2977
2721 2976
2722 2976
2723 2975
2724 2973
2725 2970
2726 2969
2727 2967
2728 2963
2729 2961
2730 2960
2731 2960
2732 2955
2733 2955
2734 2948
2735 2948
2736 2942
2737 2940
2738 2940
2739 2939
2740 2939
2741 2936
2742 2931
2743 2928
2744 2927
2745 2926
2746 2926
2747 2926
2748 2922
2749 2922
2750 2921
2751 2918
2752 2917
2753 2915
2754 2914
2755 2913
2756 2912
2757 2912
2758 2911
2759 2909
2760 2898
2761 2895
2762 2895
2763 2892
2764 2891
2765 2885
2766 2884
2767 2884
2768 2882
2769 2881
2770 2881
2771 2881
2772 2879
2773 2879
2774 2877
2775 2872
2776 2871
2777 2869
2778 2868
2779 2867
2780 2866
2781 2866
2782 2866
2783 2864
2784 2861
2785 2860
2786 2860
2787 2856
2788 2855
2789 2853
2790 2852
2791 2851
2792 2847
2793 2844
2794 2842
2795 2842
2796 2840
2797 2837
2798 2837
2799 2836
2800 2833
2801 2830
2802 2825
2803 2823
2804 2822
2805 2821
2806 2821
2807 2819
2808 2818
2809 2816
2810 2815
2811 2814
2812 2814
2813 2813
2814 2811
2815 2811
2816 2810
2817 2805
2818 2805
2819 2805
2820 2802
2821 2801
2822 2798
2823 2795
2824 2793
2825 2792
2826 2792
2827 2792
2828 2792
2829 2791
2830 2789
2831 2789
2832 2787
2833 2786
2834 2784
2835 2783
2836 2781
2837 2781
2838 2778
2839 2775
2840 2775
2841 2773
2842 2772
2843 2769
2844 2768
2845 2768
2846 2767
2847 2766
2848 2764
2849 2763
2850 2762
2851 2758
2852 2758
2853 2757
2854 2756
2855 2756
2856 2754
2857 2752
2858 2752
2859 2745
2860 2744
2861 2742
2862 2741
2863 2741
2864 2740
2865 2737
2866 2736
2867 2735
2868 2735
2869 2735
2870 2735
2871 2733
2872 2732
2873 2729
2874 2729
2875 2729
2876 2728
2877 2724
2878 2723
2879 2721
2880 2721
2881 2720
2882 2720
2883 2720
2884 2715
2885 2714
2886 2713
2887 2711
2888 2710
2889 2709
2890 2709
2891 2705
2892 2704
2893 2703
2894 2703
2895 2702
2896 2700
2897 2698
2898 2697
2899 2695
2900 2692
2901 2690
2902 2690
2903 2688
2904 2688
2905 2687
2906 2687
2907 2684
2908 2683
2909 2680
2910 2675
2911 2675
2912 2674
2913 2672
2914 2667
2915 2663
2916 2660
2917 2660
2918 2660
2919 2658
2920 2656
2921 2655
2922 2653
2923 2653
2924 2649
2925 2648
2926 2648
2927 2646
2928 2645
2929 2640
2930 2638
2931 2635
2932 2635
2933 2634
2934 2633
2935 2631
2936 2629
2937 2629
2938 2626
2939 2625
2940 2624
2941 2623
2942 2621
2943 2620
2944 2619
2945 2617
2946 2611
2947 2609
2948 2609
2949 2609
2950 2608
2951 2608
2952 2607
2953 2602
2954 2586
2955 2586
2956 2585
2957 2581
2958 2579
2959 2574
2960 2574
2961 2572
2962 2569
2963 2567
2964 2566
2965 2565
2966 2564
2967 2563
2968 2562
2969 2562
2970 2559
2971 2557
2972 2557
2973 2554
2974 2552
2975 2552
2976 2551
2977 2549
2978 2549
2979 2548
2980 2547
2981 2547
2982 2543
2983 2542
2984 2542
2985 2541
2986 2539
2987 2536
2988 2536
2989 2536
2990 2535
2991 2533
2992 2533
2993 2532
2994 2525
2995 2525
2996 2525
2997 2524
2998 2521
2999 2518
3000 2516
3001 2516
3002 2515
3003 2515
3004 2513
3005 2512
3006 2511
3007 2510
3008 2508
3009 2506
3010 2504
3011 2503
3012 2503
3013 2501
3014 2500
3015 2497
3016 2497
3017 2494
3018 2493
3019 2490
3020 2488
3021 2487
3022 2486
3023 2485
3024 2481
3025 2479
3026 2479
3027 2479
3028 2477
3029 2477
3030 2476
3031 2475
3032 2474
3033 2474
3034 2472
3035 2470
3036 2468
3037 2468
3038 2467
3039 2464
3040 2463
3041 2463
3042 2463
3043 2461
3044 2461
3045 2460
3046 2459
3047 2459
3048 2459
3049 2457
3050 2457
3051 2456
3052 2456
3053 2455
3054 2454
3055 2452
3056 2448
3057 2447
3058 2447
3059 2447
3060 2445
3061 2444
3062 2437
3063 2436
3064 2433
3065 2433
3066 2430
3067 2429
3068 2427
3069 2427
3070 2426
3071 2426
3072 2426
3073 2425
3074 2425
3075 2422
3076 2421
3077 2420
3078 2419
3079 2419
3080 2418
3081 2417
3082 2415
3083 2414
3084 2410
3085 2406
3086 2404
3087 2403
3088 2401
3089 2399
3090 2398
3091 2397
3092 2396
3093 2395
3094 2395
3095 2394
3096 2393
3097 2393
3098 2393
3099 2390
3100 2388
3101 2387
3102 2387
3103 2384
3104 2381
3105 2381
3106 2380
3107 2379
3108 2379
3109 2379
3110 2379
3111 2378
3112 2377
3113 2377
3114 2376
3115 2374
3116 2373
3117 2372
3118 2372
3119 2370
3120 2370
3121 2368
3122 2367
3123 2366
3124 2366
3125 2365
3126 2364
3127 2363
3128 2362
3129 2362
3130 2362
3131 2361
3132 2361
3133 2360
3134 2359
3135 2358
3136 2357
3137 2357
3138 2353
3139 2353
3140 2351
3141 2351
3142 2349
3143 2348
3144 2348
3145 2347
3146 2347
3147 2346
3148 2345
3149 2344
3150 2344
3151 2342
3152 2341
3153 2339
3154 2338
3155 2337
3156 2337
3157 2336
3158 2336
3159 2335
3160 2335
3161 2332
3162 2329
3163 2328
3164 2326
3165 2325
3166 2325
3167 2324
3168 2323
3169 2322
3170 2321
3171 2321
3172 2320
3173 2320
3174 2319
3175 2319
3176 2319
3177 2319
3178 2318
3179 2317
3180 2316
3181 2316
3182 2316
3183 2316
3184 2316
3185 2315
3186 2312
3187 2311
3188 2310
3189 2310
3190 2309
3191 2309
3192 2307
3193 2305
3194 2302
3195 2302
3196 2301
3197 2301
3198 2301
3199 2300
3200 2300
3201 2297
3202 2296
3203 2294
3204 2294
3205 2294
3206 2293
3207 2292
3208 2292
3209 2292
3210 2291
3211 2291
3212 2290
3213 2290
3214 2288
3215 2286
3216 2285
3217 2282
3218 2282
3219 2280
3220 2280
3221 2278
3222 2278
3223 2277
3224 2277
3225 2273
3226 2271
3227 2271
3228 2266
3229 2264
3230 2264
3231 2260
3232 2260
3233 2257
3234 2257
3235 2256
3236 2255
3237 2253
3238 2249
3239 2249
3240 2248
3241 2245
3242 2245
3243 2244
3244 2244
3245 2243
3246 2243
3247 2241
3248 2241
3249 2240
3250 2240
3251 2240
3252 2240
3253 2238
3254 2238
3255 2234
3256 2232
3257 2231
3258 2230
3259 2228
3260 2228
3261 2227
3262 2226
3263 2225
3264 2224
3265 2224
3266 2224
3267 2219
3268 2219
3269 2218
3270 2218
3271 2218
3272 2217
3273 2217
3274 2216
3275 2215
3276 2214
3277 2212
3278 2212
3279 2211
3280 2211
3281 2206
3282 2206
3283 2205
3284 2205
3285 2202
3286 2202
3287 2201
3288 2200
3289 2199
3290 2198
3291 2192
3292 2190
3293 2190
3294 2187
3295 2185
3296 2185
3297 2184
3298 2184
3299 2182
3300 2181
3301 2181
3302 2180
3303 2179
3304 2179
3305 2179
3306 2178
3307 2177
3308 2172
3309 2171
3310 2171
3311 2168
3312 2168
3313 2164
3314 2162
3315 2161
3316 2160
3317 2160
3318 2160
3319 2160
3320 2157
3321 2157
3322 2154
3323 2153
3324 2151
3325 2150
3326 2150
3327 2150
3328 2149
3329 2149
3330 2148
3331 2146
3332 2144
3333 2142
3334 2142
3335 2141
3336 2141
3337 2141
3338 2140
3339 2139
3340 2139
3341 2139
3342 2136
3343 2136
3344 2136
3345 2135
3346 2135
3347 2134
3348 2133
3349 2131
3350 2131
3351 2130
3352 2130
3353 2129
3354 2127
3355 2127
3356 2126
3357 2126
3358 2124
3359 2124
3360 2124
3361 2123
3362 2123
3363 2122
3364 2121
3365 2120
3366 2118
3367 2115
3368 2115
3369 2115
3370 2114
3371 2110
3372 2109
3373 2109
3374 2107
3375 2107
3376 2107
3377 2107
3378 2105
3379 2105
3380 2104
3381 2103
3382 2102
3383 2102
3384 2100
3385 2099
3386 2099
3387 2097
3388 2096
3389 2096
3390 2095
3391 2095
3392 2091
3393 2089
3394 2089
3395 2087
3396 2087
3397 2086
3398 2086
3399 2085
3400 2085
3401 2083
3402 2078
3403 2078
3404 2077
3405 2076
3406 2075
3407 2075
3408 2075
3409 2074
3410 2073
3411 2073
3412 2072
3413 2070
3414 2070
3415 2068
3416 2067
3417 2066
3418 2065
3419 2064
3420 2064
3421 2059
3422 2056
3423 2056
3424 2056
3425 2054
3426 2053
3427 2052
3428 2051
3429 2051
3430 2051
3431 2051
3432 2050
3433 2050
3434 2049
3435 2049
3436 2047
3437 2046
3438 2044
3439 2044
3440 2043
3441 2043
3442 2043
3443 2042
3444 2041
3445 2041
3446 2040
3447 2038
3448 2037
3449 2037
3450 2037
3451 2036
3452 2036
3453 2036
3454 2035
3455 2031
3456 2030
3457 2029
3458 2028
3459 2028
3460 2027
3461 2026
3462 2025
3463 2024
3464 2020
3465 2018
3466 2018
3467 2017
3468 2016
3469 2016
3470 2016
3471 2013
3472 2013
3473 2012
3474 2012
3475 2012
3476 2012
3477 2012
3478 2008
3479 2007
3480 2004
3481 2003
3482 2001
3483 2001
3484 2000
3485 2000
3486 1999
3487 1999
3488 1998
3489 1997
3490 1994
3491 1993
3492 1992
3493 1991
3494 1990
3495 1990
3496 1989
3497 1988
3498 1988
3499 1987
3500 1982
3501 1981
3502 1981
3503 1980
3504 1979
3505 1978
3506 1978
3507 1977
3508 1977
3509 1975
3510 1975
3511 1974
3512 1974
3513 1974
3514 1973
3515 1971
3516 1971
3517 1969
3518 1968
3519 1968
3520 1966
3521 1966
3522 1965
3523 1965
3524 1963
3525 1962
3526 1962
3527 1962
3528 1962
3529 1961
3530 1961
3531 1960
3532 1960
3533 1960
3534 1958
3535 1958
3536 1958
3537 1957
3538 1956
3539 1956
3540 1954
3541 1952
3542 1949
3543 1948
3544 1947
3545 1946
3546 1946
3547 1945
3548 1945
3549 1943
3550 1942
3551 1941
3552 1940
3553 1940
3554 1940
3555 1940
3556 1939
3557 1937
3558 1936
3559 1936
3560 1935
3561 1935
3562 1934
3563 1934
3564 1933
3565 1933
3566 1933
3567 1933
3568 1932
3569 1932
3570 1932
3571 1932
3572 1931
3573 1930
3574 1929
3575 1929
3576 1928
3577 1928
3578 1927
3579 1925
3580 1925
3581 1925
3582 1924
3583 1924
3584 1924
3585 1923
3586 1921
3587 1920
3588 1920
3589 1920
3590 1919
3591 1918
3592 1917
3593 1917
3594 1916
3595 1916
3596 1915
3597 1914
3598 1914
3599 1913
3600 1913
3601 1912
3602 1912
3603 1911
3604 1910
3605 1909
3606 1908
3607 1907
3608 1902
3609 1902
3610 1901
3611 1901
3612 1901
3613 1898
3614 1898
3615 1897
3616 1897
3617 1896
3618 1896
3619 1895
3620 1895
3621 1895
3622 1894
3623 1894
3624 1893
3625 1893
3626 1893
3627 1892
3628 1892
3629 1892
3630 1892
3631 1890
3632 1889
3633 1889
3634 1888
3635 1887
3636 1887
3637 1886
3638 1886
3639 1885
3640 1885
3641 1885
3642 1885
3643 1884
3644 1881
3645 1881
3646 1880
3647 1879
3648 1879
3649 1878
3650 1878
3651 1877
3652 1877
3653 1876
3654 1875
3655 1874
3656 1874
3657 1874
3658 1873
3659 1872
3660 1872
3661 1872
3662 1870
3663 1870
3664 1870
3665 1869
3666 1868
3667 1868
3668 1867
3669 1866
3670 1866
3671 1865
3672 1865
3673 1864
3674 1863
3675 1862
3676 1861
3677 1861
3678 1861
3679 1860
3680 1859
3681 1858
3682 1857
3683 1856
3684 1855
3685 1855
3686 1855
3687 1855
3688 1853
3689 1853
3690 1852
3691 1851
3692 1851
3693 1851
3694 1850
3695 1849
3696 1849
3697 1848
3698 1848
3699 1847
3700 1846
3701 1846
3702 1845
3703 1845
3704 1842
3705 1842
3706 1842
3707 1842
3708 1841
3709 1841
3710 1840
3711 1840
3712 1837
3713 1835
3714 1835
3715 1833
3716 1832
3717 1832
3718 1832
3719 1830
3720 1829
3721 1829
3722 1828
3723 1828
3724 1827
3725 1826
3726 1825
3727 1824
3728 1823
3729 1822
3730 1821
3731 1820
3732 1819
3733 1819
3734 1817
3735 1817
3736 1816
3737 1815
3738 1814
3739 1814
3740 1811
3741 1811
3742 1810
3743 1809
3744 1809
3745 1809
3746 1808
3747 1807
3748 1807
3749 1806
3750 1806
3751 1806
3752 1805
3753 1805
3754 1804
3755 1802
3756 1802
3757 1802
3758 1801
3759 1801
3760 1800
3761 1799
3762 1798
3763 1798
3764 1796
3765 1796
3766 1795
3767 1795
3768 1795
3769 1795
3770 1794
3771 1794
3772 1794
3773 1793
3774 1793
3775 1792
3776 1791
3777 1790
3778 1790
3779 1789
3780 1789
3781 1789
3782 1788
3783 1788
3784 1787
3785 1787
3786 1787
3787 1786
3788 1786
3789 1785
3790 1784
3791 1784
3792 1783
3793 1783
3794 1783
3795 1782
3796 1782
3797 1781
3798 1781
3799 1780
3800 1780
3801 1778
3802 1778
3803 1777
3804 1777
3805 1776
3806 1775
3807 1775
3808 1775
3809 1775
3810 1773
3811 1773
3812 1771
3813 1771
3814 1771
3815 1771
3816 1771
3817 1770
3818 1770
3819 1769
3820 1768
3821 1768
3822 1767
3823 1767
3824 1767
3825 1766
3826 1766
3827 1766
3828 1765
3829 1765
3830 1765
3831 1763
3832 1763
3833 1762
3834 1762
3835 1762
3836 1761
3837 1761
3838 1760
3839 1757
3840 1757
3841 1756
3842 1756
3843 1756
3844 1755
3845 1755
3846 1755
3847 1754
3848 1754
3849 1754
3850 1752
3851 1751
3852 1751
3853 1750
3854 1748
3855 1748
3856 1747
3857 1745
3858 1745
3859 1745
3860 1745
3861 1744
3862 1744
3863 1743
3864 1743
3865 1743
3866 1743
3867 1742
3868 1741
3869 1740
3870 1740
3871 1740
3872 1739
3873 1739
3874 1738
3875 1738
3876 1737
3877 1737
3878 1735
3879 1735
3880 1734
3881 1732
3882 1730
3883 1729
3884 1729
3885 1728
3886 1728
3887 1728
3888 1727
3889 1727
3890 1727
3891 1727
3892 1725
3893 1724
3894 1723
3895 1721
3896 1721
3897 1721
3898 1720
3899 1720
3900 1719
3901 1719
3902 1717
3903 1717
3904 1716
3905 1715
3906 1715
3907 1714
3908 1714
3909 1713
3910 1713
3911 1712
3912 1711
3913 1711
3914 1710
3915 1708
3916 1708
3917 1708
3918 1707
3919 1707
3920 1705
3921 1704
3922 1703
3923 1701
3924 1700
3925 1699
3926 1698
3927 1698
3928 1697
3929 1697
3930 1696
3931 1696
3932 1695
3933 1693
3934 1692
3935 1690
3936 1690
3937 1688
3938 1687
3939 1686
3940 1686
3941 1686
3942 1685
3943 1685
3944 1684
3945 1684
3946 1681
3947 1681
3948 1681
3949 1681
3950 1681
3951 1680
3952 1680
3953 1680
3954 1680
3955 1679
3956 1678
3957 1675
3958 1675
3959 1674
3960 1672
3961 1672
3962 1672
3963 1672
3964 1671
3965 1671
3966 1670
3967 1670
3968 1669
3969 1667
3970 1667
3971 1666
3972 1665
3973 1664
3974 1664
3975 1663
3976 1663
3977 1663
3978 1662
3979 1662
3980 1662
3981 1661
3982 1660
3983 1658
3984 1657
3985 1657
3986 1657
3987 1657
3988 1656
3989 1656
3990 1656
3991 1656
3992 1655
3993 1654
3994 1654
3995 1654
3996 1652
3997 1652
3998 1652
3999 1651
4000 1650
4001 1649
4002 1648
4003 1647
4004 1647
4005 1647
4006 1646
4007 1646
4008 1645
4009 1645
4010 1644
4011 1644
4012 1642
4013 1642
4014 1642
4015 1642
4016 1641
4017 1640
4018 1640
4019 1639
4020 1639
4021 1639
4022 1637
4023 1637
4024 1637
4025 1636
4026 1636
4027 1636
4028 1636
4029 1636
4030 1635
4031 1635
4032 1635
4033 1634
4034 1632
4035 1628
4036 1628
4037 1627
4038 1627
4039 1627
4040 1626
4041 1626
4042 1626
4043 1625
4044 1625
4045 1624
4046 1624
4047 1624
4048 1623
4049 1623
4050 1623
4051 1622
4052 1621
4053 1621
4054 1621
4055 1621
4056 1621
4057 1621
4058 1621
4059 1620
4060 1620
4061 1619
4062 1619
4063 1619
4064 1616
4065 1615
4066 1615
4067 1614
4068 1614
4069 1611
4070 1611
4071 1611
4072 1610
4073 1610
4074 1610
4075 1610
4076 1609
4077 1609
4078 1608
4079 1608
4080 1606
4081 1605
4082 1605
4083 1605
4084 1604
4085 1604
4086 1604
4087 1603
4088 1602
4089 1602
4090 1602
4091 1602
4092 1601
4093 1600
4094 1599
4095 1597
4096 1596
4097 1595
4098 1594
4099 1593
4100 1592
4101 1591
4102 1591
4103 1591
4104 1591
4105 1590
4106 1589
4107 1588
4108 1588
4109 1586
4110 1585
4111 1584
4112 1583
4113 1583
4114 1581
4115 1581
4116 1581
4117 1581
4118 1577
4119 1576
4120 1575
4121 1575
4122 1575
4123 1574
4124 1574
4125 1574
4126 1574
4127 1574
4128 1573
4129 1573
4130 1573
4131 1571
4132 1571
4133 1570
4134 1568
4135 1568
4136 1567
4137 1567
4138 1566
4139 1565
4140 1565
4141 1565
4142 1565
4143 1564
4144 1564
4145 1564
4146 1562
4147 1562
4148 1561
4149 1561
4150 1561
4151 1560
4152 1560
4153 1560
4154 1560
4155 1559
4156 1559
4157 1558
4158 1558
4159 1557
4160 1556
4161 1555
4162 1555
4163 1555
4164 1554
4165 1554
4166 1553
4167 1553
4168 1553
4169 1553
4170 1553
4171 1552
4172 1552
4173 1551
4174 1551
4175 1551
4176 1551
4177 1549
4178 1548
4179 1548
4180 1548
4181 1547
4182 1547
4183 1546
4184 1545
4185 1544
4186 1544
4187 1544
4188 1544
4189 1544
4190 1544
4191 1544
4192 1543
4193 1543
4194 1542
4195 1542
4196 1541
4197 1541
4198 1541
4199 1541
4200 1540
4201 1540
4202 1540
4203 1540
4204 1540
4205 1540
4206 1538
4207 1538
4208 1537
4209 1536
4210 1536
4211 1536
4212 1535
4213 1534
4214 1533
4215 1532
4216 1532
4217 1531
4218 1530
4219 1529
4220 1528
4221 1528
4222 1527
4223 1527
4224 1527
4225 1527
4226 1527
4227 1526
4228 1526
4229 1525
4230 1524
4231 1524
4232 1524
4233 1523
4234 1522
4235 1522
4236 1522
4237 1519
4238 1518
4239 1518
4240 1517
4241 1517
4242 1516
4243 1516
4244 1515
4245 1515
4246 1515
4247 1514
4248 1513
4249 1512
4250 1512
4251 1512
4252 1511
4253 1510
4254 1510
4255 1509
4256 1509
4257 1508
4258 1508
4259 1507
4260 1507
4261 1506
4262 1505
4263 1505
4264 1505
4265 1504
4266 1504
4267 1502
4268 1502
4269 1502
4270 1502
4271 1501
4272 1501
4273 1501
4274 1500
4275 1500
4276 1500
4277 1500
4278 1499
4279 1499
4280 1498
4281 1497
4282 1497
4283 1497
4284 1496
4285 1496
4286 1496
4287 1495
4288 1495
4289 1495
4290 1494
4291 1493
4292 1493
4293 1493
4294 1493
4295 1492
4296 1492
4297 1491
4298 1490
4299 1489
4300 1489
4301 1489
4302 1488
4303 1488
4304 1488
4305 1487
4306 1487
4307 1486
4308 1485
4309 1484
4310 1484
4311 1484
4312 1483
4313 1483
4314 1483
4315 1482
4316 1482
4317 1482
4318 1481
4319 1479
4320 1479
4321 1479
4322 1476
4323 1475
4324 1475
4325 1475
4326 1474
4327 1474
4328 1474
4329 1474
4330 1473
4331 1473
4332 1472
4333 1472
4334 1472
4335 1472
4336 1472
4337 1471
4338 1471
4339 1471
4340 1471
4341 1471
4342 1470
4343 1470
4344 1470
4345 1470
4346 1469
4347 1469
4348 1468
4349 1468
4350 1466
4351 1466
4352 1466
4353 1465
4354 1465
4355 1465
4356 1465
4357 1464
4358 1464
4359 1462
4360 1462
4361 1462
4362 1462
4363 1461
4364 1461
4365 1460
4366 1459
4367 1459
4368 1458
4369 1458
4370 1457
4371 1457
4372 1456
4373 1455
4374 1455
4375 1455
4376 1455
4377 1454
4378 1453
4379 1452
4380 1451
4381 1451
4382 1450
4383 1449
4384 1449
4385 1448
4386 1448
4387 1448
4388 1447
4389 1447
4390 1447
4391 1447
4392 1446
4393 1445
4394 1444
4395 1444
4396 1443
4397 1443
4398 1442
4399 1442
4400 1442
4401 1441
4402 1441
4403 1441
4404 1441
4405 1440
4406 1438
4407 1438
4408 1437
4409 1435
4410 1434
4411 1434
4412 1434
4413 1434
4414 1434
4415 1434
4416 1433
4417 1432
4418 1432
4419 1430
4420 1429
4421 1428
4422 1427
4423 1427
4424 1426
4425 1426
4426 1426
4427 1426
4428 1425
4429 1425
4430 1425
4431 1424
4432 1424
4433 1424
4434 1423
4435 1423
4436 1423
4437 1421
4438 1421
4439 1420
4440 1420
4441 1419
4442 1419
4443 1419
4444 1418
4445 1418
4446 1418
4447 1418
4448 1417
4449 1417
4450 1417
4451 1416
4452 1416
4453 1415
4454 1415
4455 1414
4456 1414
4457 1413
4458 1413
4459 1412
4460 1412
4461 1412
4462 1411
4463 1411
4464 1411
4465 1410
4466 1410
4467 1409
4468 1409
4469 1409
4470 1408
4471 1407
4472 1407
4473 1407
4474 1407
4475 1406
4476 1406
4477 1406
4478 1405
4479 1404
4480 1404
4481 1404
4482 1404
4483 1403
4484 1403
4485 1403
4486 1403
4487 1403
4488 1403
4489 1401
4490 1401
4491 1400
4492 1400
4493 1399
4494 1399
4495 1398
4496 1397
4497 1396
4498 1396
4499 1396
4500 1396
4501 1396
4502 1395
4503 1394
4504 1394
4505 1393
4506 1393
4507 1392
4508 1392
4509 1391
4510 1391
4511 1390
4512 1390
4513 1390
4514 1389
4515 1389
4516 1389
4517 1388
4518 1388
4519 1388
4520 1387
4521 1387
4522 1386
4523 1386
4524 1386
4525 1386
4526 1385
4527 1384
4528 1381
4529 1380
4530 1379
4531 1379
4532 1379
4533 1378
4534 1378
4535 1377
4536 1377
4537 1376
4538 1376
4539 1376
4540 1376
4541 1376
4542 1375
4543 1375
4544 1375
4545 1374
4546 1374
4547 1372
4548 1372
4549 1371
4550 1370
4551 1370
4552 1369
4553 1368
4554 1368
4555 1368
4556 1367
4557 1367
4558 1367
4559 1367
4560 1367
4561 1366
4562 1366
4563 1366
4564 1365
4565 1365
4566 1365
4567 1364
4568 1364
4569 1364
4570 1364
4571 1363
4572 1363
4573 1363
4574 1360
4575 1360
4576 1359
4577 1359
4578 1359
4579 1358
4580 1358
4581 1358
4582 1358
4583 1357
4584 1357
4585 1357
4586 1356
4587 1356
4588 1356
4589 1356
4590 1355
4591 1355
4592 1355
4593 1355
4594 1354
4595 1354
4596 1354
4597 1352
4598 1351
4599 1351
4600 1348
4601 1348
4602 1348
4603 1347
4604 1346
4605 1345
4606 1345
4607 1345
4608 1344
4609 1344
4610 1344
4611 1342
4612 1341
4613 1341
4614 1340
4615 1339
4616 1337
4617 1337
4618 1336
4619 1336
4620 1336
4621 1335
4622 1335
4623 1334
4624 1334
4625 1333
4626 1333
4627 1333
4628 1333
4629 1333
4630 1332
4631 1332
4632 1332
4633 1331
4634 1331
4635 1330
4636 1330
4637 1329
4638 1329
4639 1329
4640 1329
4641 1327
4642 1325
4643 1323
4644 1322
4645 1322
4646 1322
4647 1321
4648 1320
4649 1319
4650 1319
4651 1319
4652 1317
4653 1317
4654 1317
4655 1317
4656 1316
4657 1315
4658 1315
4659 1314
4660 1314
4661 1314
4662 1313
4663 1313
4664 1312
4665 1311
4666 1311
4667 1310
4668 1310
4669 1310
4670 1310
4671 1309
4672 1308
4673 1308
4674 1308
4675 1308
4676 1307
4677 1307
4678 1307
4679 1306
4680 1306
4681 1305
4682 1305
4683 1304
4684 1304
4685 1304
4686 1302
4687 1301
4688 1301
4689 1301
4690 1300
4691 1299
4692 1298
4693 1298
4694 1298
4695 1297
4696 1297
4697 1296
4698 1295
4699 1295
4700 1294
4701 1294
4702 1294
4703 1294
4704 1294
4705 1293
4706 1293
4707 1293
4708 1293
4709 1292
4710 1292
4711 1291
4712 1290
4713 1290
4714 1290
4715 1289
4716 1289
4717 1289
4718 1288
4719 1288
4720 1288
4721 1288
4722 1288
4723 1288
4724 1287
4725 1287
4726 1287
4727 1286
4728 1286
4729 1286
4730 1286
4731 1285
4732 1285
4733 1285
4734 1285
4735 1285
4736 1285
4737 1283
4738 1283
4739 1282
4740 1282
4741 1282
4742 1282
4743 1282
4744 1281
4745 1281
4746 1281
4747 1281
4748 1281
4749 1280
4750 1277
4751 1277
4752 1276
4753 1276
4754 1276
4755 1275
4756 1275
4757 1275
4758 1275
4759 1273
4760 1273
4761 1273
4762 1272
4763 1272
4764 1272
4765 1271
4766 1271
4767 1271
4768 1270
4769 1270
4770 1270
4771 1270
4772 1270
4773 1270
4774 1269
4775 1269
4776 1269
4777 1269
4778 1268
4779 1268
4780 1268
4781 1268
4782 1267
4783 1267
4784 1266
4785 1266
4786 1265
4787 1264
4788 1264
4789 1263
4790 1263
4791 1263
4792 1262
4793 1261
4794 1261
4795 1260
4796 1260
4797 1260
4798 1260
4799 1259
4800 1259
4801 1258
4802 1258
4803 1258
4804 1257
4805 1257
4806 1257
4807 1257
4808 1255
4809 1255
4810 1255
4811 1255
4812 1254
4813 1252
4814 1250
4815 1250
4816 1250
4817 1250
4818 1249
4819 1249
4820 1249
4821 1249
4822 1248
4823 1248
4824 1248
4825 1248
4826 1247
4827 1247
4828 1247
4829 1246
4830 1246
4831 1246
4832 1246
4833 1245
4834 1245
4835 1245
4836 1245
4837 1245
4838 1245
4839 1245
4840 1244
4841 1244
4842 1243
4843 1243
4844 1243
4845 1243
4846 1242
4847 1241
4848 1241
4849 1241
4850 1240
4851 1239
4852 1239
4853 1239
4854 1239
4855 1239
4856 1239
4857 1238
4858 1237
4859 1237
4860 1236
4861 1236
4862 1235
4863 1235
4864 1235
4865 1234
4866 1234
4867 1234
4868 1234
4869 1233
4870 1233
4871 1233
4872 1233
4873 1233
4874 1233
4875 1232
4876 1232
4877 1232
4878 1231
4879 1231
4880 1231
4881 1230
4882 1229
4883 1229
4884 1229
4885 1229
4886 1229
4887 1228
4888 1228
4889 1228
4890 1228
4891 1228
4892 1228
4893 1227
4894 1227
4895 1226
4896 1226
4897 1226
4898 1225
4899 1225
4900 1224
4901 1224
4902 1224
4903 1224
4904 1224
4905 1224
4906 1223
4907 1222
4908 1222
4909 1222
4910 1222
4911 1222
4912 1222
4913 1222
4914 1222
4915 1221
4916 1221
4917 1221
4918 1221
4919 1220
4920 1220
4921 1220
4922 1219
4923 1219
4924 1219
4925 1218
4926 1218
4927 1218
4928 1217
4929 1216
4930 1216
4931 1216
4932 1215
4933 1215
4934 1215
4935 1214
4936 1214
4937 1213
4938 1212
4939 1212
4940 1211
4941 1211
4942 1210
4943 1210
4944 1210
4945 1210
4946 1210
4947 1210
4948 1209
4949 1209
4950 1209
4951 1209
4952 1207
4953 1207
4954 1207
4955 1206
4956 1204
4957 1204
4958 1203
4959 1202
4960 1202
4961 1201
4962 1201
4963 1201
4964 1200
4965 1200
4966 1200
4967 1200
4968 1199
4969 1199
4970 1197
4971 1197
4972 1197
4973 1197
4974 1197
4975 1197
4976 1197
4977 1196
4978 1196
4979 1196
4980 1196
4981 1195
4982 1195
4983 1195
4984 1195
4985 1194
4986 1194
4987 1193
4988 1192
4989 1192
4990 1191
4991 1191
4992 1191
4993 1190
4994 1190
4995 1189
4996 1189
4997 1189
4998 1189
4999 1189
5000 1189
5001 1188
5002 1188
5003 1187
5004 1185
5005 1185
5006 1185
5007 1184
5008 1184
5009 1184
5010 1184
5011 1184
5012 1183
5013 1183
5014 1182
5015 1182
5016 1182
5017 1181
5018 1180
5019 1180
5020 1180
5021 1180
5022 1179
5023 1179
5024 1179
5025 1179
5026 1179
5027 1178
5028 1178
5029 1178
5030 1178
5031 1177
5032 1177
5033 1177
5034 1177
5035 1176
5036 1176
5037 1176
5038 1175
5039 1175
5040 1175
5041 1175
5042 1172
5043 1172
5044 1171
5045 1171
5046 1170
5047 1170
5048 1170
5049 1169
5050 1169
5051 1169
5052 1169
5053 1168
5054 1167
5055 1166
5056 1166
5057 1166
5058 1165
5059 1165
5060 1164
5061 1164
5062 1163
5063 1163
5064 1163
5065 1163
5066 1161
5067 1161
5068 1161
5069 1161
5070 1161
5071 1160
5072 1160
5073 1159
5074 1159
5075 1159
5076 1158
5077 1157
5078 1155
5079 1155
5080 1155
5081 1155
5082 1154
5083 1154
5084 1154
5085 1154
5086 1153
5087 1153
5088 1153
5089 1152
5090 1152
5091 1151
5092 1151
5093 1150
5094 1150
5095 1149
5096 1149
5097 1149
5098 1148
5099 1148
5100 1148
5101 1148
5102 1147
5103 1147
5104 1147
5105 1146
5106 1146
5107 1145
5108 1145
5109 1145
5110 1145
5111 1144
5112 1144
5113 1144
5114 1143
5115 1143
5116 1143
5117 1143
5118 1142
5119 1141
5120 1141
5121 1140
5122 1139
5123 1139
5124 1139
5125 1139
5126 1138
5127 1137
5128 1137
5129 1137
5130 1136
5131 1136
5132 1136
5133 1135
5134 1135
5135 1135
5136 1134
5137 1134
5138 1134
5139 1134
5140 1134
5141 1134
5142 1134
5143 1134
5144 1134
5145 1133
5146 1133
5147 1133
5148 1133
5149 1133
5150 1132
5151 1132
5152 1132
5153 1132
5154 1131
5155 1131
5156 1131
5157 1130
5158 1130
5159 1128
5160 1128
5161 1128
5162 1128
5163 1127
5164 1127
5165 1127
5166 1126
5167 1126
5168 1126
5169 1126
5170 1125
5171 1124
5172 1124
5173 1123
5174 1122
5175 1121
5176 1121
5177 1120
5178 1120
5179 1119
5180 1119
5181 1117
5182 1117
5183 1117
5184 1116
5185 1116
5186 1116
5187 1114
5188 1114
5189 1113
5190 1112
5191 1112
5192 1112
5193 1112
5194 1112
5195 1111
5196 1111
5197 1111
5198 1111
5199 1111
5200 1111
5201 1111
5202 1110
5203 1110
5204 1110
5205 1109
5206 1109
5207 1108
5208 1108
5209 1108
5210 1108
5211 1107
5212 1107
5213 1107
5214 1106
5215 1106
5216 1106
5217 1106
5218 1106
5219 1105
5220 1105
5221 1105
5222 1104
5223 1103
5224 1103
5225 1103
5226 1102
5227 1102
5228 1102
5229 1102
5230 1100
5231 1100
5232 1100
5233 1100
5234 1099
5235 1099
5236 1099
5237 1098
5238 1098
5239 1097
5240 1097
5241 1096
5242 1096
5243 1096
5244 1095
5245 1095
5246 1095
5247 1095
5248 1095
5249 1095
5250 1094
5251 1094
5252 1094
5253 1093
5254 1093
5255 1093
5256 1092
5257 1092
5258 1092
5259 1091
5260 1091
5261 1091
5262 1091
5263 1090
5264 1090
5265 1089
5266 1089
5267 1088
5268 1087
5269 1086
5270 1086
5271 1086
5272 1086
5273 1085
5274 1085
5275 1084
5276 1084
5277 1084
5278 1084
5279 1084
5280 1083
5281 1083
5282 1083
5283 1083
5284 1082
5285 1080
5286 1080
5287 1080
5288 1079
5289 1079
5290 1079
5291 1079
5292 1078
5293 1078
5294 1078
5295 1077
5296 1077
5297 1077
5298 1076
5299 1076
5300 1075
5301 1075
5302 1075
5303 1074
5304 1073
5305 1073
5306 1072
5307 1072
5308 1072
5309 1072
5310 1071
5311 1069
5312 1069
5313 1068
5314 1068
5315 1068
5316 1067
5317 1067
5318 1067
5319 1067
5320 1066
5321 1066
5322 1065
5323 1064
5324 1064
5325 1064
5326 1064
5327 1064
5328 1064
5329 1064
5330 1062
5331 1062
5332 1062
5333 1062
5334 1061
5335 1061
5336 1060
5337 1060
5338 1060
5339 1059
5340 1059
5341 1059
5342 1059
5343 1058
5344 1058
5345 1058
5346 1057
5347 1057
5348 1057
5349 1057
5350 1057
5351 1057
5352 1057
5353 1057
5354 1056
5355 1055
5356 1055
5357 1055
5358 1055
5359 1055
5360 1055
5361 1055
5362 1055
5363 1055
5364 1054
5365 1054
5366 1054
5367 1054
5368 1054
5369 1054
5370 1053
5371 1053
5372 1052
5373 1052
5374 1051
5375 1051
5376 1051
5377 1050
5378 1049
5379 1049
5380 1048
5381 1048
5382 1047
5383 1047
5384 1046
5385 1046
5386 1046
5387 1044
5388 1044
5389 1043
5390 1043
5391 1042
5392 1042
5393 1042
5394 1041
5395 1041
5396 1041
5397 1041
5398 1041
5399 1040
5400 1040
5401 1040
5402 1040
5403 1040
5404 1040
5405 1039
5406 1039
5407 1038
5408 1038
5409 1037
5410 1037
5411 1037
5412 1036
5413 1036
5414 1036
5415 1036
5416 1036
5417 1035
5418 1035
5419 1035
5420 1035
5421 1035
5422 1034
5423 1034
5424 1034
5425 1033
5426 1033
5427 1033
5428 1033
5429 1032
5430 1032
5431 1031
5432 1031
5433 1031
5434 1030
5435 1030
5436 1030
5437 1029
5438 1029
5439 1029
5440 1029
5441 1027
5442 1027
5443 1027
5444 1027
5445 1026
5446 1026
5447 1026
5448 1026
5449 1025
5450 1025
5451 1025
5452 1025
5453 1025
5454 1024
5455 1024
5456 1023
5457 1023
5458 1022
5459 1022
5460 1022
5461 1022
5462 1021
5463 1020
5464 1020
5465 1020
5466 1020
5467 1019
5468 1019
5469 1019
5470 1018
5471 1018
5472 1017
5473 1017
5474 1017
5475 1017
5476 1016
5477 1016
5478 1016
5479 1015
5480 1015
5481 1015
5482 1015
5483 1015
5484 1014
5485 1014
5486 1014
5487 1013
5488 1013
5489 1013
5490 1013
5491 1013
5492 1013
5493 1013
5494 1012
5495 1012
5496 1012
5497 1011
5498 1011
5499 1011
5500 1009
5501 1009
5502 1008
5503 1007
5504 1007
5505 1007
5506 1007
5507 1007
5508 1006
5509 1006
5510 1006
5511 1005
5512 1005
5513 1005
5514 1005
5515 1004
5516 1004
5517 1004
5518 1003
5519 1003
5520 1003
5521 1003
5522 1003
5523 1003
5524 1003
5525 1002
5526 1002
5527 1002
5528 1001
5529 1000
5530 1000
5531 999
5532 999
5533 999
5534 998
5535 998
5536 998
5537 998
5538 998
5539 998
5540 997
5541 997
5542 996
5543 996
5544 995
5545 995
5546 995
5547 994
5548 994
5549 994
5550 994
5551 994
5552 993
5553 992
5554 992
5555 992
5556 991
5557 991
5558 991
5559 990
5560 990
5561 990
5562 990
5563 989
5564 989
5565 989
5566 988
5567 988
5568 987
5569 987
5570 987
5571 986
5572 986
5573 986
5574 985
5575 984
5576 984
5577 984
5578 984
5579 983
5580 983
5581 983
5582 983
5583 983
5584 982
5585 982
5586 982
5587 981
5588 981
5589 981
5590 981
5591 980
5592 980
5593 980
5594 980
5595 980
5596 980
5597 980
5598 979
5599 979
5600 979
5601 979
5602 978
5603 978
5604 977
5605 977
5606 977
5607 977
5608 977
5609 977
5610 976
5611 976
5612 976
5613 976
5614 975
5615 975
5616 975
5617 974
5618 974
5619 974
5620 974
5621 973
5622 973
5623 973
5624 972
5625 972
5626 972
5627 972
5628 972
5629 972
5630 972
5631 971
5632 971
5633 971
5634 971
5635 970
5636 970
5637 970
5638 970
5639 970
5640 969
5641 969
5642 969
5643 969
5644 968
5645 968
5646 968
5647 968
5648 968
5649 967
5650 967
5651 966
5652 966
5653 966
5654 966
5655 966
5656 965
5657 964
5658 964
5659 964
5660 963
5661 963
5662 963
5663 963
5664 962
5665 962
5666 962
5667 962
5668 961
5669 960
5670 960
5671 959
5672 959
5673 959
5674 959
5675 959
5676 959
5677 959
5678 958
5679 958
5680 958
5681 958
5682 958
5683 958
5684 958
5685 957
5686 956
5687 956
5688 956
5689 956
5690 956
5691 955
5692 955
5693 955
5694 955
5695 955
5696 955
5697 955
5698 954
5699 954
5700 954
5701 954
5702 953
5703 953
5704 952
5705 951
5706 951
5707 951
5708 950
5709 950
5710 950
5711 949
5712 949
5713 949
5714 948
5715 948
5716 948
5717 948
5718 947
5719 947
5720 947
5721 947
5722 947
5723 947
5724 946
5725 946
5726 946
5727 945
5728 945
5729 945
5730 945
5731 944
5732 944
5733 944
5734 944
5735 943
5736 943
5737 942
5738 942
5739 942
5740 942
5741 942
5742 941
5743 941
5744 941
5745 940
5746 940
5747 940
5748 939
5749 939
5750 939
5751 938
5752 938
5753 938
5754 938
5755 937
5756 936
5757 936
5758 936
5759 936
5760 936
5761 936
5762 935
5763 935
5764 934
5765 933
5766 932
5767 932
5768 932
5769 932
5770 931
5771 930
5772 930
5773 930
5774 929
5775 929
5776 929
5777 929
5778 929
5779 929
5780 929
5781 929
5782 929
5783 928
5784 928
5785 928
5786 928
5787 927
5788 927
5789 927
5790 926
5791 926
5792 925
5793 925
5794 925
5795 924
5796 924
5797 924
5798 923
5799 922
5800 922
5801 922
5802 922
5803 922
5804 921
5805 921
5806 920
5807 920
5808 920
5809 920
5810 919
5811 919
5812 919
5813 919
5814 919
5815 918
5816 918
5817 918
5818 918
5819 918
5820 917
5821 917
5822 916
5823 916
5824 916
5825 916
5826 915
5827 915
5828 914
5829 914
5830 914
5831 914
5832 914
5833 914
5834 913
5835 913
5836 913
5837 913
5838 912
5839 912
5840 912
5841 912
5842 912
5843 912
5844 911
5845 911
5846 911
5847 911
5848 911
5849 910
5850 910
5851 910
5852 909
5853 908
5854 908
5855 908
5856 908
5857 908
5858 907
5859 907
5860 907
5861 906
5862 906
5863 906
5864 906
5865 906
5866 905
5867 904
5868 904
5869 903
5870 902
5871 902
5872 902
5873 901
5874 901
5875 901
5876 901
5877 900
5878 900
5879 900
5880 899
5881 898
5882 898
5883 898
5884 898
5885 897
5886 896
5887 896
5888 896
5889 896
5890 895
5891 895
5892 895
5893 895
5894 894
5895 893
5896 893
5897 893
5898 893
5899 892
5900 892
5901 892
5902 892
5903 891
5904 891
5905 891
5906 890
5907 890
5908 890
5909 890
5910 889
5911 889
5912 889
5913 889
5914 889
5915 889
5916 889
5917 888
5918 887
5919 887
5920 887
5921 886
5922 886
5923 886
5924 886
5925 885
5926 885
5927 885
5928 885
5929 885
5930 884
5931 884
5932 884
5933 884
5934 883
5935 883
5936 883
5937 883
5938 883
5939 882
5940 882
5941 882
5942 882
5943 881
5944 881
5945 881
5946 881
5947 880
5948 880
5949 880
5950 880
5951 880
5952 879
5953 879
5954 879
5955 879
5956 878
5957 878
5958 878
5959 878
5960 878
5961 877
5962 877
5963 877
5964 877
5965 877
5966 877
5967 877
5968 876
5969 876
5970 876
5971 876
5972 876
5973 876
5974 875
5975 875
5976 875
5977 874
5978 874
5979 874
5980 874
5981 874
5982 873
5983 873
5984 872
5985 872
5986 872
5987 872
5988 872
5989 871
5990 871
5991 871
5992 871
5993 870
5994 870
5995 869
5996 869
5997 869
5998 869
5999 869
6000 868
6001 868
6002 868
6003 868
6004 867
6005 867
6006 867
6007 866
6008 866
6009 866
6010 865
6011 865
6012 865
6013 865
6014 865
6015 865
6016 865
6017 865
6018 865
6019 864
6020 864
6021 864
6022 863
6023 863
6024 862
6025 862
6026 862
6027 862
6028 862
6029 861
6030 861
6031 861
6032 861
6033 861
6034 861
6035 861
6036 861
6037 860
6038 860
6039 860
6040 860
6041 860
6042 859
6043 859
6044 859
6045 858
6046 858
6047 857
6048 857
6049 857
6050 857
6051 857
6052 856
6053 856
6054 856
6055 856
6056 856
6057 855
6058 855
6059 855
6060 854
6061 854
6062 854
6063 854
6064 854
6065 853
6066 853
6067 853
6068 853
6069 853
6070 852
6071 852
6072 852
6073 852
6074 852
6075 852
6076 852
6077 852
6078 851
6079 851
6080 851
6081 850
6082 850
6083 850
6084 850
6085 850
6086 850
6087 849
6088 849
6089 849
6090 849
6091 848
6092 848
6093 848
6094 848
6095 848
6096 848
6097 847
6098 847
6099 847
6100 847
6101 847
6102 846
6103 846
6104 846
6105 846
6106 845
6107 845
6108 845
6109 845
6110 845
6111 845
6112 845
6113 844
6114 844
6115 844
6116 843
6117 843
6118 843
6119 843
6120 843
6121 842
6122 842
6123 842
6124 842
6125 842
6126 841
6127 841
6128 841
6129 841
6130 841
6131 840
6132 840
6133 840
6134 840
6135 839
6136 839
6137 839
6138 839
6139 838
6140 838
6141 838
6142 838
6143 838
6144 837
6145 837
6146 837
6147 836
6148 836
6149 836
6150 836
6151 835
6152 835
6153 835
6154 835
6155 835
6156 834
6157 834
6158 834
6159 834
6160 834
6161 833
6162 833
6163 833
6164 832
6165 832
6166 832
6167 832
6168 831
6169 831
6170 831
6171 831
6172 830
6173 829
6174 829
6175 829
6176 829
6177 828
6178 828
6179 827
6180 827
6181 827
6182 827
6183 827
6184 827
6185 826
6186 826
6187 826
6188 825
6189 825
6190 825
6191 825
6192 825
6193 825
6194 824
6195 824
6196 823
6197 823
6198 823
6199 823
6200 822
6201 822
6202 822
6203 822
6204 822
6205 822
6206 822
6207 822
6208 822
6209 822
6210 822
6211 822
6212 821
6213 821
6214 821
6215 821
6216 821
6217 821
6218 821
6219 820
6220 820
6221 820
6222 820
6223 820
6224 819
6225 819
6226 819
6227 819
6228 818
6229 818
6230 818
6231 818
6232 818
6233 817
6234 817
6235 817
6236 817
6237 817
6238 817
6239 817
6240 817
6241 816
6242 816
6243 816
6244 816
6245 816
6246 815
6247 815
6248 815
6249 815
6250 815
6251 815
6252 815
6253 815
6254 814
6255 814
6256 813
6257 813
6258 813
6259 813
6260 812
6261 812
6262 812
6263 812
6264 812
6265 811
6266 811
6267 811
6268 811
6269 810
6270 810
6271 810
6272 810
6273 810
6274 809
6275 809
6276 809
6277 809
6278 808
6279 808
6280 807
6281 807
6282 807
6283 807
6284 807
6285 807
6286 807
6287 806
6288 806
6289 806
6290 806
6291 806
6292 805
6293 805
6294 805
6295 804
6296 804
6297 803
6298 803
6299 803
6300 803
6301 802
6302 802
6303 802
6304 802
6305 802
6306 802
6307 801
6308 801
6309 801
6310 801
6311 801
6312 801
6313 801
6314 801
6315 800
6316 800
6317 800
6318 800

