0  0
1  0
2  0
3  0
4  0
5  1
6  1
7  1
8  1
9  1
10  1
11  1
12  1
13  1
14  1
15  1
16  1
17  1
18  1
19  1
20  1
21  1
22  1
23  1
24  1
25  1
26  1
27  1
28  1
29  1
30  1
31  1
32  1
33  1
34  1
35  1
36  1
37  1
38  1
39  1
40  1
41  1
42  1
43  1
44  1
45  1
46  1
47  1
48  1
49  1
50  1
51  1
52  1
53  1
54  1
55  1
56  1
57  1
58  1
59  1
60  1
61  1
62  1
63  1
64  1
65  1
66  1
67  1
68  1
69  1
70  1
71  1
72  1
73  1
74  1
75  1
76  1
77  1
78  1
79  1
80  1
81  1
82  1
83  1
84  1
85  1
86  1
87  1
88  1
89  1
90  1
91  1
92  1
93  1
94  1
95  1
96  1
97  1
98  1
99  1
100  1
101  1
102  1
103  1
104  1
105  1
106  1
107  1
108  1
109  1
110  1
111  1
112  2
113  2
114  2
115  2
116  2
117  2
118  2
119  2
120  2
121  2
122  2
123  2
124  2
125  2
126  2
127  2
128  2
129  2
130  2
131  2
132  2
133  2
134  2
135  2
136  2
137  2
138  2
139  2
140  2
141  2
142  2
143  2
144  2
145  2
146  2
147  2
148  2
149  2
150  2
151  2
152  2
153  2
154  2
155  2
156  2
157  2
158  2
159  2
160  2
161  2
162  2
163  2
164  2
165  2
166  2
167  2
168  2
169  2
170  2
171  2
172  3
173  3
174  3
175  3
176  3
177  3
178  3
179  3
180  3
181  3
182  3
183  3
184  3
185  3
186  3
187  3
188  3
189  3
190  3
191  3
192  3
193  3
194  3
195  3
196  3
197  3
198  3
199  3
200  3
201  3
202  3
203  3
204  3
205  3
206  4
207  4
208  4
209  4
210  4
211  4
212  4
213  4
214  4
215  4
216  4
217  4
218  4
219  4
220  4
221  4
222  4
223  4
224  4
225  4
226  4
227  4
228  4
229  4
230  4
231  4
232  4
233  4
234  4
235  4
236  4
237  4
238  4
239  4
240  4
241  4
242  4
243  4
244  4
245  4
246  4
247  4
248  4
249  4
250  4
251  4
252  4
253  4
254  5
255  5
256  5
257  5
258  5
259  5
260  5
261  5
262  5
263  5
264  5
265  5
266  5
267  5
268  5
269  5
270  5
271  5
272  5
273  5
274  5
275  5
276  5
277  5
278  5
279  5
280  5
281  5
282  5
283  6
284  6
285  6
286  6
287  6
288  6
289  6
290  6
291  6
292  6
293  6
294  6
295  6
296  6
297  6
298  6
299  6
300  6
301  6
302  6
303  6
304  6
305  6
306  7
307  7
308  7
309  7
310  7
311  7
312  7
313  7
314  7
315  7
316  7
317  7
318  7
319  7
320  7
321  7
322  7
323  7
324  7
325  7
326  7
327  7
328  7
329  7
330  8
331  8
332  8
333  8
334  8
335  8
336  8
337  8
338  8
339  8
340  8
341  8
342  8
343  8
344  9
345  9
346  9
347  9
348  9
349  9
350  9
351  9
352  9
353  9
354  9
355  9
356  9
357  9
358  9
359  9
360  9
361  9
362  9
363  9
364  9
365  9
366  9
367  9
368  10
369  10
370  10
371  10
372  10
373  10
374  10
375  10
376  10
377  10
378  10
379  10
380  11
381  11
382  11
383  11
384  11
385  11
386  11
387  11
388  11
389  11
390  11
391  11
392  11
393  11
394  12
395  12
396  12
397  12
398  12
399  12
400  12
401  12
402  12
403  13
404  13
405  13
406  13
407  13
408  13
409  13
410  13
411  13
412  13
413  14
414  14
415  14
416  14
417  14
418  14
419  14
420  14
421  14
422  14
423  14
424  14
425  14
426  15
427  15
428  15
429  15
430  15
431  15
432  15
433  15
434  15
435  15
436  16
437  16
438  16
439  16
440  16
441  16
442  16
443  17
444  17
445  17
446  17
447  17
448  17
449  17
450  17
451  18
452  18
453  18
454  18
455  18
456  18
457  18
458  18
459  18
460  19
461  19
462  19
463  19
464  19
465  19
466  19
467  20
468  20
469  20
470  20
471  20
472  20
473  20
474  20
475  20
476  20
477  21
478  21
479  21
480  21
481  21
482  21
483  21
484  21
485  21
486  21
487  21
488  22
489  22
490  22
491  23
492  23
493  23
494  23
495  23
496  23
497  23
498  24
499  24
500  24
501  24
502  24
503  24
504  24
505  24
506  25
507  25
508  25
509  25
510  25
511  25
512  26
513  26
514  26
515  26
516  26
517  26
518  26
519  26
520  26
521  26
522  27
523  27
524  27
525  28
526  28
527  28
528  29
529  29
530  29
531  29
532  30
533  30
534  30
535  30
536  30
537  31
538  31
539  31
540  32
541  32
542  32
543  32
544  32
545  32
546  32
547  33
548  33
549  33
550  34
551  34
552  34
553  35
554  35
555  35
556  35
557  35
558  36
559  36
560  36
561  36
562  36
563  36
564  37
565  37
566  37
567  38
568  38
569  38
570  38
571  38
572  38
573  39
574  39
575  39
576  40
577  40
578  40
579  40
580  40
581  40
582  41
583  41
584  42
585  42
586  43
587  43
588  44
589  44
590  45
591  45
592  45
593  46
594  47
595  47
596  48
597  48
598  48
599  50
600  50
601  51
602  51
603  52
604  52
605  53
606  53
607  53
608  54
609  56
610  56
611  57
612  59
613  59
614  59
615  59
616  60
617  60
618  62
619  62
620  63
621  63
622  63
623  64
624  64
625  64
626  65
627  67
628  68
629  69
630  70
631  70
632  70
633  71
634  71
635  72
636  72
637  72
638  73
639  73
640  73
641  76
642  76
643  77
644  77
645  78
646  79
647  80
648  80
649  83
650  85
651  85
652  86
653  86
654  87
655  89
656  89
657  89
658  90
659  90
660  91
661  92
662  92
663  92
664  93
665  94
666  96
667  96
668  100
669  101
670  101
671  102
672  102
673  111
674  115
675  115
676  117
677  118
678  119
679  119
680  124
681  124
682  125
683  125
684  131
685  136
686  139
687  140
688  140
689  160
690  161
691  173
692  181
693  200
694  206
695  220
696  222
697  223
698  231
699  238
700  246
701  249
702  301
703  306
704  318
705  321
706  337
707  340
708  390
709  453
710  468
711  575
712  591
713  600
714  1036
715  3718
716  5939
