 61473
 54318
 52013
 45861
 40487
 40481
 40132
 38171
 33746
 33556
 29613
 28190
 27857
 25739
 24725
 24262
 24093
 23457
 20647
 20604
 19838
 19659
 19410
 17493
 17154
 16705
 16527
 16401
 16173
 15822
 15413
 15343
 15299
 14806
 14493
 14111
 13739
 13191
 13143
 12140
 11680
 11638
 11408
 11165
 11123
 10937
 10877
 10734
 10625
 10441
 10336
 10077
 9913
 9790
 9552
 9510
 9474
 9393
 9383
 9334
 9173
 9031
 8847
 8677
 8541
 8482
 8161
 8143
 8102
 8090
 8005
 7954
 7916
 7882
 7779
 7611
 7555
 7551
 7481
 7369
 7338
 7263
 7261
 7236
 7199
 7117
 6586
 6559
 6546
 6542
 6495
 6473
 6462
 6423
 6422
 6360
 6275
 6162
 6148
 6119
 6007
 5985
 5928
 5852
 5814
 5800
 5678
 5563
 5458
 5445
 5378
 5364
 5328
 5308
 5215
 5200
 5187
 5137
 5107
 5095
 5087
 5019
 5018
 4973
 4914
 4903
 4892
 4772
 4713
 4694
 4627
 4613
 4570
 4410
 4401
 4379
 4374
 4358
 4301
 4288
 4213
 4206
 4144
 4133
 4085
 3954
 3950
 3929
 3891
 3844
 3743
 3698
 3688
 3642
 3604
 3540
 3537
 3495
 3495
 3472
 3432
 3413
 3357
 3338
 3289
 3249
 3229
 3182
 3181
 3155
 3154
 3101
 3094
 3087
 3080
 3073
 3055
 3013
 2994
 2986
 2979
 2972
 2971
 2949
 2919
 2914
 2897
 2848
 2836
 2822
 2795
 2782
 2771
 2731
 2726
 2725
 2717
 2717
 2714
 2702
 2701
 2641
 2636
 2607
 2606
 2604
 2569
 2525
 2522
 2517
 2505
 2495
 2491
 2488
 2477
 2445
 2441
 2344
 2333
 2300
 2293
 2257
 2238
 2207
 2152
 2145
 2145
 2134
 2133
 2126
 2124
 2106
 2083
 2021
 2001
 2000
 1998
 1991
 1986
 1977
 1967
 1964
 1922
 1922
 1922
 1911
 1907
 1906
 1880
 1877
 1848
 1814
 1804
 1761
 1750
 1747
 1744
 1743
 1743
 1730
 1725
 1714
 1694
 1654
 1635
 1634
 1621
 1614
 1604
 1603
 1592
 1589
 1580
 1578
 1566
 1559
 1559
 1556
 1553
 1550
 1546
 1524
 1515
 1507
 1504
 1496
 1494
 1488
 1471
 1459
 1458
 1453
 1452
 1446
 1433
 1423
 1421
 1405
 1396
 1384
 1377
 1371
 1348
 1340
 1332
 1319
 1308
 1299
 1299
 1288
 1283
 1265
 1256
 1253
 1245
 1242
 1240
 1239
 1229
 1226
 1220
 1216
 1215
 1213
 1213
 1192
 1169
 1139
 1133
 1133
 1129
 1115
 1105
 1105
 1104
 1099
 1095
 1087
 1069
 1063
 1050
 1049
 1040
 1038
 1034
 1031
 1025
 1004
 1001
 998
 995
 993
 991
 990
 988
 987
 981
 973
 965
 959
 956
 949
 945
 944
 940
 922
 920
 917
 915
 915
 906
 885
 884
 860
 859
 856
 856
 851
 847
 842
 823
 815
 815
 815
 814
 811
 805
 804
 766
 762
 751
 748
 748
 739
 739
 725
 725
 723
 722
 719
 717
 707
 696
 695
 694
 692
 691
 685
 681
 681
 680
 675
 675
 663
 658
 656
 649
 644
 639
 639
 628
 626
 618
 617
 605
 604
 601
 600
 596
 590
 590
 584
 582
 581
 580
 576
 574
 556
 556
 554
 554
 550
 543
 541
 538
 533
 532
 524
 523
 523
 520
 520
 516
 513
 513
 509
 508
 507
 501
 500
 496
 490
 489
 485
 484
 479
 473
 473
 470
 470
 469
 467
 466
 466
 460
 455
 449
 446
 442
 427
 426
 423
 423
 419
 409
 407
 402
 401
 388
 388
 386
 386
 383
 376
 376
 375
 373
 369
 362
 349
 346
 346
 345
 345
 342
 341
 339
 337
 335
 335
 335
 335
 335
 333
 332
 332
 331
 325
 324
 323
 322
 322
 318
 318
 318
 310
 309
 304
 304
 302
 301
 299
 291
 289
 286
 281
 280
 272
 267
 266
 266
 266
 265
 264
 263
 263
 263
 262
 260
 260
 260
 254
 254
 250
 249
 248
 247
 247
 243
 239
 238
 234
 231
 229
 229
 229
 228
 227
 226
 220
 219
 217
 216
 216
 214
 212
 209
 206
 204
 204
 203
 202
 198
 196
 193
 193
 190
 189
 188
 186
 186
 181
 181
 181
 179
 175
 174
 173
 173
 172
 169
 169
 168
 165
 165
 164
 163
 162
 156
 156
 155
 154
 152
 151
 144
 142
 142
 141
 139
 139
 130
 129
 128
 126
 124
 120
 117
 116
 116
 114
 113
 102
 101
 98
 98
 96
 96
 95
 95
 94
 93
 90
 83
 80
 78
 77
 76
 74
 73
 73
 73
 72
 70
 69
 68
 66
 66
 66
 60
 57
 54
 51
 48
 47
 45
 43
 43
 42
 40
 36
 34
 30
 29
 28
 28
 26
 26
 24
 22
 18
 17
 17
 17
 16
 16
 15
 14
 12
 12
 12
 11
 11
 11
 10
 10
 9
 9
 8
 6
 5
 5
 5
 4
 3
 3
 2
 2
 1
 0
 0
 0
 0
 0
 0
 0
 0
 0
