0  61473
1  54318
2  52013
3  45861
4  40487
5  40481
6  40132
7  38171
8  33746
9  33556
10  29613
11  28190
12  27857
13  25739
14  24725
15  24262
16  24093
17  23457
18  20647
19  20604
20  19838
21  19659
22  19410
23  17493
24  17154
25  16705
26  16527
27  16401
28  16173
29  15822
30  15413
31  15343
32  15299
33  14806
34  14493
35  14111
36  13739
37  13191
38  13143
39  12140
40  11680
41  11638
42  11408
43  11165
44  11123
45  10937
46  10877
47  10734
48  10625
49  10441
50  10336
51  10077
52  9913
53  9790
54  9552
55  9510
56  9474
57  9393
58  9383
59  9334
60  9173
61  9031
62  8847
63  8677
64  8541
65  8482
66  8161
67  8143
68  8102
69  8090
70  8005
71  7954
72  7916
73  7882
74  7779
75  7611
76  7555
77  7551
78  7481
79  7369
80  7338
81  7263
82  7261
83  7236
84  7199
85  7117
86  6586
87  6559
88  6546
89  6542
90  6495
91  6473
92  6462
93  6423
94  6422
95  6360
96  6275
97  6162
98  6148
99  6119
100  6007
101  5985
102  5928
103  5852
104  5814
105  5800
106  5678
107  5563
108  5458
109  5445
110  5378
111  5364
112  5328
113  5308
114  5215
115  5200
116  5187
117  5137
118  5107
119  5095
120  5087
121  5019
122  5018
123  4973
124  4914
125  4903
126  4892
127  4772
128  4713
129  4694
130  4627
131  4613
132  4570
133  4410
134  4401
135  4379
136  4374
137  4358
138  4301
139  4288
140  4213
141  4206
142  4144
143  4133
144  4085
145  3954
146  3950
147  3929
148  3891
149  3844
150  3743
151  3698
152  3688
153  3642
154  3604
155  3540
156  3537
157  3495
158  3495
159  3472
160  3432
161  3413
162  3357
163  3338
164  3289
165  3249
166  3229
167  3182
168  3181
169  3155
170  3154
171  3101
172  3094
173  3087
174  3080
175  3073
176  3055
177  3013
178  2994
179  2986
180  2979
181  2972
182  2971
183  2949
184  2919
185  2914
186  2897
187  2848
188  2836
189  2822
190  2795
191  2782
192  2771
193  2731
194  2726
195  2725
196  2717
197  2717
198  2714
199  2702
200  2701
201  2641
202  2636
203  2607
204  2606
205  2604
206  2569
207  2525
208  2522
209  2517
210  2505
211  2495
212  2491
213  2488
214  2477
215  2445
216  2441
217  2344
218  2333
219  2300
220  2293
221  2257
222  2238
223  2207
224  2152
225  2145
226  2145
227  2134
228  2133
229  2126
230  2124
231  2106
232  2083
233  2021
234  2001
235  2000
236  1998
237  1991
238  1986
239  1977
240  1967
241  1964
242  1922
243  1922
244  1922
245  1911
246  1907
247  1906
248  1880
249  1877
250  1848
251  1814
252  1804
253  1761
254  1750
255  1747
256  1744
257  1743
258  1743
259  1730
260  1725
261  1714
262  1694
263  1654
264  1635
265  1634
266  1621
267  1614
268  1604
269  1603
270  1592
271  1589
272  1580
273  1578
274  1566
275  1559
276  1559
277  1556
278  1553
279  1550
280  1546
281  1524
282  1515
283  1507
284  1504
285  1496
286  1494
287  1488
288  1471
289  1459
290  1458
291  1453
292  1452
293  1446
294  1433
295  1423
296  1421
297  1405
298  1396
299  1384
300  1377
301  1371
302  1348
303  1340
304  1332
305  1319
306  1308
307  1299
308  1299
309  1288
310  1283
311  1265
312  1256
313  1253
314  1245
315  1242
316  1240
317  1239
318  1229
319  1226
320  1220
321  1216
322  1215
323  1213
324  1213
325  1192
326  1169
327  1139
328  1133
329  1133
330  1129
331  1115
332  1105
333  1105
334  1104
335  1099
336  1095
337  1087
338  1069
339  1063
340  1050
341  1049
342  1040
343  1038
344  1034
345  1031
346  1025
347  1004
348  1001
349  998
350  995
351  993
352  991
353  990
354  988
355  987
356  981
357  973
358  965
359  959
360  956
361  949
362  945
363  944
364  940
365  922
366  920
367  917
368  915
369  915
370  906
371  885
372  884
373  860
374  859
375  856
376  856
377  851
378  847
379  842
380  823
381  815
382  815
383  815
384  814
385  811
386  805
387  804
388  766
389  762
390  751
391  748
392  748
393  739
394  739
395  725
396  725
397  723
398  722
399  719
400  717
401  707
402  696
403  695
404  694
405  692
406  691
407  685
408  681
409  681
410  680
411  675
412  675
413  663
414  658
415  656
416  649
417  644
418  639
419  639
420  628
421  626
422  618
423  617
424  605
425  604
426  601
427  600
428  596
429  590
430  590
431  584
432  582
433  581
434  580
435  576
436  574
437  556
438  556
439  554
440  554
441  550
442  543
443  541
444  538
445  533
446  532
447  524
448  523
449  523
450  520
451  520
452  516
453  513
454  513
455  509
456  508
457  507
458  501
459  500
460  496
461  490
462  489
463  485
464  484
465  479
466  473
467  473
468  470
469  470
470  469
471  467
472  466
473  466
474  460
475  455
476  449
477  446
478  442
479  427
480  426
481  423
482  423
483  419
484  409
485  407
486  402
487  401
488  388
489  388
490  386
491  386
492  383
493  376
494  376
495  375
496  373
497  369
498  362
499  349
500  346
501  346
502  345
503  345
504  342
505  341
506  339
507  337
508  335
509  335
510  335
511  335
512  335
513  333
514  332
515  332
516  331
517  325
518  324
519  323
520  322
521  322
522  318
523  318
524  318
525  310
526  309
527  304
528  304
529  302
530  301
531  299
532  291
533  289
534  286
535  281
536  280
537  272
538  267
539  266
540  266
541  266
542  265
543  264
544  263
545  263
546  263
547  262
548  260
549  260
550  260
551  254
552  254
553  250
554  249
555  248
556  247
557  247
558  243
559  239
560  238
561  234
562  231
563  229
564  229
565  229
566  228
567  227
568  226
569  220
570  219
571  217
572  216
573  216
574  214
575  212
576  209
577  206
578  204
579  204
580  203
581  202
582  198
583  196
584  193
585  193
586  190
587  189
588  188
589  186
590  186
591  181
592  181
593  181
594  179
595  175
596  174
597  173
598  173
599  172
600  169
601  169
602  168
603  165
604  165
605  164
606  163
607  162
608  156
609  156
610  155
611  154
612  152
613  151
614  144
615  142
616  142
617  141
618  139
619  139
620  130
621  129
622  128
623  126
624  124
625  120
626  117
627  116
628  116
629  114
630  113
631  102
632  101
633  98
634  98
635  96
636  96
637  95
638  95
639  94
640  93
641  90
642  83
643  80
644  78
645  77
646  76
647  74
648  73
649  73
650  73
651  72
652  70
653  69
654  68
655  66
656  66
657  66
658  60
659  57
660  54
661  51
662  48
663  47
664  45
665  43
666  43
667  42
668  40
669  36
670  34
671  30
672  29
673  28
674  28
675  26
676  26
677  24
678  22
679  18
680  17
681  17
682  17
683  16
684  16
685  15
686  14
687  12
688  12
689  12
690  11
691  11
692  11
693  10
694  10
695  9
696  9
697  8
698  6
699  5
700  5
701  5
702  4
703  3
704  3
705  2
706  2
707  1
708  0
709  0
710  0
711  0
712  0
713  0
714  0
715  0
716  0
