0  5939
1  3718
2  1036
3  600
4  591
5  575
6  468
7  453
8  390
9  340
10  337
11  321
12  318
13  306
14  301
15  249
16  246
17  238
18  231
19  223
20  222
21  220
22  206
23  200
24  181
25  173
26  161
27  160
28  140
29  140
30  139
31  136
32  131
33  125
34  125
35  124
36  124
37  119
38  119
39  118
40  117
41  115
42  115
43  111
44  102
45  102
46  101
47  101
48  100
49  96
50  96
51  94
52  93
53  92
54  92
55  92
56  91
57  90
58  90
59  89
60  89
61  89
62  87
63  86
64  86
65  85
66  85
67  83
68  80
69  80
70  79
71  78
72  77
73  77
74  76
75  76
76  73
77  73
78  73
79  72
80  72
81  72
82  71
83  71
84  70
85  70
86  70
87  69
88  68
89  67
90  65
91  64
92  64
93  64
94  63
95  63
96  63
97  62
98  62
99  60
100  60
101  59
102  59
103  59
104  59
105  57
106  56
107  56
108  54
109  53
110  53
111  53
112  52
113  52
114  51
115  51
116  50
117  50
118  48
119  48
120  48
121  47
122  47
123  46
124  45
125  45
126  45
127  44
128  44
129  43
130  43
131  42
132  42
133  41
134  41
135  40
136  40
137  40
138  40
139  40
140  40
141  39
142  39
143  39
144  38
145  38
146  38
147  38
148  38
149  38
150  37
151  37
152  37
153  36
154  36
155  36
156  36
157  36
158  36
159  35
160  35
161  35
162  35
163  35
164  34
165  34
166  34
167  33
168  33
169  33
170  32
171  32
172  32
173  32
174  32
175  32
176  32
177  31
178  31
179  31
180  30
181  30
182  30
183  30
184  30
185  29
186  29
187  29
188  29
189  28
190  28
191  28
192  27
193  27
194  27
195  26
196  26
197  26
198  26
199  26
200  26
201  26
202  26
203  26
204  26
205  25
206  25
207  25
208  25
209  25
210  25
211  24
212  24
213  24
214  24
215  24
216  24
217  24
218  24
219  23
220  23
221  23
222  23
223  23
224  23
225  23
226  22
227  22
228  22
229  21
230  21
231  21
232  21
233  21
234  21
235  21
236  21
237  21
238  21
239  21
240  20
241  20
242  20
243  20
244  20
245  20
246  20
247  20
248  20
249  20
250  19
251  19
252  19
253  19
254  19
255  19
256  19
257  18
258  18
259  18
260  18
261  18
262  18
263  18
264  18
265  18
266  17
267  17
268  17
269  17
270  17
271  17
272  17
273  17
274  16
275  16
276  16
277  16
278  16
279  16
280  16
281  15
282  15
283  15
284  15
285  15
286  15
287  15
288  15
289  15
290  15
291  14
292  14
293  14
294  14
295  14
296  14
297  14
298  14
299  14
